src_ip,dst_ip,src_port,dst_port,protocol,timestamp,flow_duration,flow_byts_s,flow_pkts_s,fwd_pkts_s,bwd_pkts_s,tot_fwd_pkts,tot_bwd_pkts,totlen_fwd_pkts,totlen_bwd_pkts,fwd_pkt_len_max,fwd_pkt_len_min,fwd_pkt_len_mean,fwd_pkt_len_std,bwd_pkt_len_max,bwd_pkt_len_min,bwd_pkt_len_mean,bwd_pkt_len_std,pkt_len_max,pkt_len_min,pkt_len_mean,pkt_len_std,pkt_len_var,fwd_header_len,bwd_header_len,fwd_seg_size_min,fwd_act_data_pkts,flow_iat_mean,flow_iat_max,flow_iat_min,flow_iat_std,fwd_iat_tot,fwd_iat_max,fwd_iat_min,fwd_iat_mean,fwd_iat_std,bwd_iat_tot,bwd_iat_max,bwd_iat_min,bwd_iat_mean,bwd_iat_std,fwd_psh_flags,bwd_psh_flags,fwd_urg_flags,bwd_urg_flags,fin_flag_cnt,syn_flag_cnt,rst_flag_cnt,psh_flag_cnt,ack_flag_cnt,urg_flag_cnt,ece_flag_cnt,down_up_ratio,pkt_size_avg,init_fwd_win_byts,init_bwd_win_byts,active_max,active_min,active_mean,active_std,idle_max,idle_min,idle_mean,idle_std,fwd_byts_b_avg,fwd_pkts_b_avg,bwd_byts_b_avg,bwd_pkts_b_avg,fwd_blk_rate_avg,bwd_blk_rate_avg,fwd_seg_size_avg,bwd_seg_size_avg,cwe_flag_count,subflow_fwd_pkts,subflow_bwd_pkts,subflow_fwd_byts,subflow_bwd_byts
192.168.43.203,192.168.43.96,36282,53,17,2022-09-19 11:28:26,5457.878112792969,27849.650882404334,366.44277476847805,183.22138738423902,183.22138738423902,1,1,76,76,76.0,76.0,76.0,0.0,76.0,76.0,76.0,0.0,76,76,76.0,0.0,0.0,8,8,8,1,0.0,0.0,0.0,0.0,0,0.0,0.0,0.0,0.0,0.0,0.0,0.0,0.0,0.0,0,0,0,0,1,0,0,0,0,0,0,1.0,76.0,0,0,0.0,0.0,0.0,0.0,0.0,0.0,0.0,0.0,0.0,0.0,0.0,0.0,0.0,0.0,76.0,76.0,0,1,1,76,76
192.168.43.203,192.168.43.96,39385,53,17,2022-09-19 11:28:26,4716.8731689453125,32224.737565709664,424.00970481196924,212.00485240598462,212.00485240598462,1,1,76,76,76.0,76.0,76.0,0.0,76.0,76.0,76.0,0.0,76,76,76.0,0.0,0.0,8,8,8,1,0.0,0.0,0.0,0.0,0,0.0,0.0,0.0,0.0,0.0,0.0,0.0,0.0,0.0,0,0,0,0,1,0,0,0,0,0,0,1.0,76.0,0,0,0.0,0.0,0.0,0.0,0.0,0.0,0.0,0.0,0.0,0.0,0.0,0.0,0.0,0.0,76.0,76.0,0,1,1,76,76
192.168.43.203,192.168.43.96,57657,53,17,2022-09-19 11:28:27,80378.29399108887,2774.3808549198975,24.88233950600805,12.441169753004026,12.441169753004026,1,1,72,151,72.0,72.0,72.0,0.0,151.0,151.0,151.0,0.0,151,72,111.5,39.5,1560.25,8,8,8,1,0.0,0.0,0.0,0.0,0,0.0,0.0,0.0,0.0,0.0,0.0,0.0,0.0,0.0,0,0,0,0,1,0,0,0,0,0,0,1.0,111.5,0,0,0.0,0.0,0.0,0.0,0.0,0.0,0.0,0.0,0.0,0.0,0.0,0.0,0.0,0.0,72.0,151.0,0,1,1,72,151
192.168.43.203,192.168.43.96,55613,53,17,2022-09-19 11:28:27,72409.15298461914,3839.2936326578993,27.620817501135967,13.810408750567984,13.810408750567984,1,1,72,206,72.0,72.0,72.0,0.0,206.0,206.0,206.0,0.0,206,72,139.0,67.0,4489.0,8,8,8,1,0.0,0.0,0.0,0.0,0,0.0,0.0,0.0,0.0,0.0,0.0,0.0,0.0,0.0,0,0,0,0,1,0,0,0,0,0,0,1.0,139.0,0,0,0.0,0.0,0.0,0.0,0.0,0.0,0.0,0.0,0.0,0.0,0.0,0.0,0.0,0.0,72.0,206.0,0,1,1,72,206
192.168.43.203,192.168.43.96,55352,53,17,2022-09-19 11:28:27,2051.115036010742,106283.65360920609,975.0793909101476,487.5396954550738,487.5396954550738,1,1,109,109,109.0,109.0,109.0,0.0,109.0,109.0,109.0,0.0,109,109,109.0,0.0,0.0,8,8,8,1,0.0,0.0,0.0,0.0,0,0.0,0.0,0.0,0.0,0.0,0.0,0.0,0.0,0.0,0,0,0,0,1,0,0,0,0,0,0,1.0,109.0,0,0,0.0,0.0,0.0,0.0,0.0,0.0,0.0,0.0,0.0,0.0,0.0,0.0,0.0,0.0,109.0,109.0,0,1,1,109,109
192.168.43.203,199.232.45.140,59014,443,6,2022-09-19 11:28:29,0.0,0,0,0,0,1,0,168,0,168.0,168.0,168.0,0.0,0.0,0.0,0.0,0.0,168,168,168.0,0.0,0.0,20,0,20,1,0.0,0.0,0.0,0.0,0,0.0,0.0,0.0,0.0,0.0,0.0,0.0,0.0,0.0,0,0,0,0,1,0,0,0,0,0,0,0.0,168.0,501,0,0.0,0.0,0.0,0.0,0.0,0.0,0.0,0.0,0.0,0.0,0.0,0.0,0.0,0.0,168.0,0.0,0,1,0,168,0
192.168.43.203,35.186.194.58,45342,443,6,2022-09-19 11:28:29,0.0,0,0,0,0,1,0,168,0,168.0,168.0,168.0,0.0,0.0,0.0,0.0,0.0,168,168,168.0,0.0,0.0,20,0,20,1,0.0,0.0,0.0,0.0,0,0.0,0.0,0.0,0.0,0.0,0.0,0.0,0.0,0.0,0,0,0,0,1,0,0,0,0,0,0,0.0,168.0,501,0,0.0,0.0,0.0,0.0,0.0,0.0,0.0,0.0,0.0,0.0,0.0,0.0,0.0,0.0,168.0,0.0,0,1,0,168,0
192.168.43.203,69.16.175.10,59420,443,6,2022-09-19 11:28:29,0.0,0,0,0,0,1,0,168,0,168.0,168.0,168.0,0.0,0.0,0.0,0.0,0.0,168,168,168.0,0.0,0.0,20,0,20,1,0.0,0.0,0.0,0.0,0,0.0,0.0,0.0,0.0,0.0,0.0,0.0,0.0,0.0,0,0,0,0,1,0,0,0,0,0,0,0.0,168.0,501,0,0.0,0.0,0.0,0.0,0.0,0.0,0.0,0.0,0.0,0.0,0.0,0.0,0.0,0.0,168.0,0.0,0,1,0,168,0
192.168.43.203,192.168.43.96,53697,53,17,2022-09-19 11:28:31,756820.4402923584,294.65377535767334,2.6426347565710615,1.3213173782855308,1.3213173782855308,1,1,72,151,72.0,72.0,72.0,0.0,151.0,151.0,151.0,0.0,151,72,111.5,39.5,1560.25,8,8,8,1,0.0,0.0,0.0,0.0,0,0.0,0.0,0.0,0.0,0.0,0.0,0.0,0.0,0.0,0,0,0,0,1,0,0,0,0,0,0,1.0,111.5,0,0,0.0,0.0,0.0,0.0,0.0,0.0,0.0,0.0,0.0,0.0,0.0,0.0,0.0,0.0,72.0,151.0,0,1,1,72,151
192.168.43.203,54.162.244.84,59116,443,6,2022-09-19 11:28:31,0.0,0,0,0,0,1,0,189,0,189.0,189.0,189.0,0.0,0.0,0.0,0.0,0.0,189,189,189.0,0.0,0.0,20,0,20,1,0.0,0.0,0.0,0.0,0,0.0,0.0,0.0,0.0,0.0,0.0,0.0,0.0,0.0,0,0,0,0,1,0,0,0,0,0,0,0.0,189.0,501,0,0.0,0.0,0.0,0.0,0.0,0.0,0.0,0.0,0.0,0.0,0.0,0.0,0.0,0.0,189.0,0.0,0,1,0,189,0
192.168.43.203,192.168.43.96,41310,53,17,2022-09-19 11:28:32,1493.4539794921875,145970.34993614303,1339.1775223499362,669.5887611749681,669.5887611749681,1,1,109,109,109.0,109.0,109.0,0.0,109.0,109.0,109.0,0.0,109,109,109.0,0.0,0.0,8,8,8,1,0.0,0.0,0.0,0.0,0,0.0,0.0,0.0,0.0,0.0,0.0,0.0,0.0,0.0,0,0,0,0,1,0,0,0,0,0,0,1.0,109.0,0,0,0.0,0.0,0.0,0.0,0.0,0.0,0.0,0.0,0.0,0.0,0.0,0.0,0.0,0.0,109.0,109.0,0,1,1,109,109
192.168.43.203,192.168.43.96,52256,53,17,2022-09-19 11:28:32,2099.9908447265625,72381.26793823797,952.3851044504995,476.19255222524976,476.19255222524976,1,1,76,76,76.0,76.0,76.0,0.0,76.0,76.0,76.0,0.0,76,76,76.0,0.0,0.0,8,8,8,1,0.0,0.0,0.0,0.0,0,0.0,0.0,0.0,0.0,0.0,0.0,0.0,0.0,0.0,0,0,0,0,1,0,0,0,0,0,0,1.0,76.0,0,0,0.0,0.0,0.0,0.0,0.0,0.0,0.0,0.0,0.0,0.0,0.0,0.0,0.0,0.0,76.0,76.0,0,1,1,76,76
192.168.43.203,192.168.43.96,49961,53,17,2022-09-19 11:28:32,2025.8426666259766,75030.5058255855,987.2434977050724,493.6217488525362,493.6217488525362,1,1,76,76,76.0,76.0,76.0,0.0,76.0,76.0,76.0,0.0,76,76,76.0,0.0,0.0,8,8,8,1,0.0,0.0,0.0,0.0,0,0.0,0.0,0.0,0.0,0.0,0.0,0.0,0.0,0.0,0,0,0,0,1,0,0,0,0,0,0,1.0,76.0,0,0,0.0,0.0,0.0,0.0,0.0,0.0,0.0,0.0,0.0,0.0,0.0,0.0,0.0,0.0,76.0,76.0,0,1,1,76,76
192.168.43.203,172.217.19.163,46154,443,6,2022-09-19 11:28:34,0.0,0,0,0,0,1,0,168,0,168.0,168.0,168.0,0.0,0.0,0.0,0.0,0.0,168,168,168.0,0.0,0.0,20,0,20,1,0.0,0.0,0.0,0.0,0,0.0,0.0,0.0,0.0,0.0,0.0,0.0,0.0,0.0,0,0,0,0,1,0,0,0,0,0,0,0.0,168.0,501,0,0.0,0.0,0.0,0.0,0.0,0.0,0.0,0.0,0.0,0.0,0.0,0.0,0.0,0.0,168.0,0.0,0,1,0,168,0
192.168.43.203,192.168.43.96,38284,53,17,2022-09-19 11:28:34,1406544.6853637695,152.14589499135178,1.4219242522556241,0.7109621261278121,0.7109621261278121,1,1,99,115,99.0,99.0,99.0,0.0,115.0,115.0,115.0,0.0,115,99,107.0,8.0,64.0,8,8,8,1,0.0,0.0,0.0,0.0,0,0.0,0.0,0.0,0.0,0.0,0.0,0.0,0.0,0.0,0,0,0,0,1,0,0,0,0,0,0,1.0,107.0,0,0,0.0,0.0,0.0,0.0,0.0,0.0,0.0,0.0,0.0,0.0,0.0,0.0,0.0,0.0,99.0,115.0,0,1,1,99,115
192.168.43.203,192.168.43.96,58658,53,17,2022-09-19 11:28:34,4727.12516784668,41885.922832501135,423.0901296212236,211.5450648106118,211.5450648106118,1,1,99,99,99.0,99.0,99.0,0.0,99.0,99.0,99.0,0.0,99,99,99.0,0.0,0.0,8,8,8,1,0.0,0.0,0.0,0.0,0,0.0,0.0,0.0,0.0,0.0,0.0,0.0,0.0,0.0,0,0,0,0,1,0,0,0,0,0,0,1.0,99.0,0,0,0.0,0.0,0.0,0.0,0.0,0.0,0.0,0.0,0.0,0.0,0.0,0.0,0.0,0.0,99.0,99.0,0,1,1,99,99
192.168.43.203,192.168.43.96,45076,53,17,2022-09-19 11:28:34,4214.763641357422,51722.94784477882,474.5224572915488,237.2612286457744,237.2612286457744,1,1,109,109,109.0,109.0,109.0,0.0,109.0,109.0,109.0,0.0,109,109,109.0,0.0,0.0,8,8,8,1,0.0,0.0,0.0,0.0,0,0.0,0.0,0.0,0.0,0.0,0.0,0.0,0.0,0.0,0,0,0,0,1,0,0,0,0,0,0,1.0,109.0,0,0,0.0,0.0,0.0,0.0,0.0,0.0,0.0,0.0,0.0,0.0,0.0,0.0,0.0,0.0,109.0,109.0,0,1,1,109,109
192.168.43.203,192.168.43.96,46631,53,17,2022-09-19 11:28:34,1726.6273498535156,126257.70118751726,1158.3275338304336,579.1637669152168,579.1637669152168,1,1,109,109,109.0,109.0,109.0,0.0,109.0,109.0,109.0,0.0,109,109,109.0,0.0,0.0,8,8,8,1,0.0,0.0,0.0,0.0,0,0.0,0.0,0.0,0.0,0.0,0.0,0.0,0.0,0.0,0,0,0,0,1,0,0,0,0,0,0,1.0,109.0,0,0,0.0,0.0,0.0,0.0,0.0,0.0,0.0,0.0,0.0,0.0,0.0,0.0,0.0,0.0,109.0,109.0,0,1,1,109,109
192.168.43.203,192.168.43.96,48784,53,17,2022-09-19 11:28:35,757580.7571411133,213.83858878799973,2.639982577629626,1.319991288814813,1.319991288814813,1,1,73,89,73.0,73.0,73.0,0.0,89.0,89.0,89.0,0.0,89,73,81.0,8.0,64.0,8,8,8,1,0.0,0.0,0.0,0.0,0,0.0,0.0,0.0,0.0,0.0,0.0,0.0,0.0,0.0,0,0,0,0,1,0,0,0,0,0,0,1.0,81.0,0,0,0.0,0.0,0.0,0.0,0.0,0.0,0.0,0.0,0.0,0.0,0.0,0.0,0.0,0.0,73.0,89.0,0,1,1,73,89
192.168.43.203,192.168.43.96,52290,53,17,2022-09-19 11:28:35,873758.7928771973,273.53086681164916,2.2889612285493652,1.1444806142746826,1.1444806142746826,1,1,73,166,73.0,73.0,73.0,0.0,166.0,166.0,166.0,0.0,166,73,119.5,46.5,2162.25,8,8,8,1,0.0,0.0,0.0,0.0,0,0.0,0.0,0.0,0.0,0.0,0.0,0.0,0.0,0.0,0,0,0,0,1,0,0,0,0,0,0,1.0,119.5,0,0,0.0,0.0,0.0,0.0,0.0,0.0,0.0,0.0,0.0,0.0,0.0,0.0,0.0,0.0,73.0,166.0,0,1,1,73,166
192.168.43.203,13.35.169.127,49494,443,6,2022-09-19 11:28:36,0.0,0,0,0,0,1,0,168,0,168.0,168.0,168.0,0.0,0.0,0.0,0.0,0.0,168,168,168.0,0.0,0.0,20,0,20,1,0.0,0.0,0.0,0.0,0,0.0,0.0,0.0,0.0,0.0,0.0,0.0,0.0,0.0,0,0,0,0,1,0,0,0,0,0,0,0.0,168.0,2849,0,0.0,0.0,0.0,0.0,0.0,0.0,0.0,0.0,0.0,0.0,0.0,0.0,0.0,0.0,168.0,0.0,0,1,0,168,0
192.168.43.203,34.117.46.154,50940,443,6,2022-09-19 11:28:36,0.0,0,0,0,0,1,0,168,0,168.0,168.0,168.0,0.0,0.0,0.0,0.0,0.0,168,168,168.0,0.0,0.0,20,0,20,1,0.0,0.0,0.0,0.0,0,0.0,0.0,0.0,0.0,0.0,0.0,0.0,0.0,0.0,0,0,0,0,1,0,0,0,0,0,0,0.0,168.0,501,0,0.0,0.0,0.0,0.0,0.0,0.0,0.0,0.0,0.0,0.0,0.0,0.0,0.0,0.0,168.0,0.0,0,1,0,168,0
192.168.43.203,34.107.204.85,57170,443,6,2022-09-19 11:28:36,817717.3137664795,6200.186683888499,31.79582914814615,17.120831079771005,14.674998068375146,14,12,3044,2026,1242.0,66.0,217.42857142857142,326.98988937748834,620.0,66.0,168.83333333333334,163.3303571157412,1242,66,195.0,265.46722237188936,70472.84615384616,280,240,20,6,32701.101303100586,269729.1374206543,-122.54714965820312,61342.4734485639,733994.9607849121,343324.6612548828,27.418136596679688,56461.150829608625,102450.339761917,748524.1889953613,269729.1374206543,0.0,68047.65354503285,77743.95236003681,0,0,0,0,1,0,0,0,0,0,0,0.8571428571428571,195.0,64240,276,268877.0294189453,8440.732955932617,113671.30279541016,86983.69317666383,237178.32565307617,38819.78988647461,93154.12385123117,62501.0391224129,0.0,0.0,0.0,0.0,0.0,0.0,217.42857142857142,168.83333333333334,0,14,12,3044,2026
192.168.43.203,34.107.204.85,50153,443,17,2022-09-19 11:28:36,805287.3611450195,8779.47468335692,19.868683866154274,9.934341933077137,9.934341933077137,8,8,2882,4188,1399.0,73.0,360.25,469.8943365268409,1399.0,70.0,523.5,525.4871549334008,1399,70,441.875,505.10529533454707,255131.359375,64,64,8,8,53685.82407633463,316368.34144592285,153.7799835205078,80809.5855651392,805287.3611450195,316860.1989746094,1219.5110321044922,115041.05159214565,107401.04753642328,690981.1496734619,337403.2974243164,153.7799835205078,98711.59281049456,104838.33814900738,0,0,0,0,1,0,0,0,0,0,0,1.0,441.875,0,0,315876.4839172363,93355.41725158691,173944.63221232095,100668.08693109926,295333.3854675293,17692.089080810547,98491.62896474202,95005.16164019777,0.0,0.0,0.0,0.0,0.0,0.0,360.25,523.5,0,8,8,2882,4188
192.168.43.203,192.168.43.96,35867,53,17,2022-09-19 11:28:37,439237.3561859131,396.14116957381964,4.55334677671057,2.276673388355285,2.276673388355285,1,1,79,95,79.0,79.0,79.0,0.0,95.0,95.0,95.0,0.0,95,79,87.0,8.0,64.0,8,8,8,1,0.0,0.0,0.0,0.0,0,0.0,0.0,0.0,0.0,0.0,0.0,0.0,0.0,0.0,0,0,0,0,1,0,0,0,0,0,0,1.0,87.0,0,0,0.0,0.0,0.0,0.0,0.0,0.0,0.0,0.0,0.0,0.0,0.0,0.0,0.0,0.0,79.0,95.0,0,1,1,79,95
192.168.43.203,192.168.43.96,40322,53,17,2022-09-19 11:28:37,57092.18978881836,4396.398192615112,35.03106129573795,17.515530647868975,17.515530647868975,1,1,79,172,79.0,79.0,79.0,0.0,172.0,172.0,172.0,0.0,172,79,125.5,46.5,2162.25,8,8,8,1,0.0,0.0,0.0,0.0,0,0.0,0.0,0.0,0.0,0.0,0.0,0.0,0.0,0.0,0,0,0,0,1,0,0,0,0,0,0,1.0,125.5,0,0,0.0,0.0,0.0,0.0,0.0,0.0,0.0,0.0,0.0,0.0,0.0,0.0,0.0,0.0,79.0,172.0,0,1,1,79,172
192.168.43.203,40.76.174.66,38616,443,6,2022-09-19 11:28:27,34179305.55343628,26274.70001097529,42.540361088577455,20.597258738898574,21.94310234967888,704,750,833334,64717,1442.0,54.0,1183.7130681818182,535.626645589618,833.0,54.0,86.28933333333333,38.78976178781659,1442,54,617.6416781292985,663.678531209486,440469.1927883806,14080,15000,20,584,23517.22517098875,13306447.267532349,-279.42657470703125,395922.6028638131,34179305.55343628,13306447.267532349,1.9073486328125,48619.21131356512,568469.2333862195,33791169.88182068,13605607.748031616,0.0,45115.04657118916,568624.2664997862,0,0,0,0,1,0,0,0,0,0,0,1.0653409090909092,617.6416781292985,501,2045,13306394.815444946,449.6574401855469,127634.88944619894,935952.9351784987,13306159.496307373,5151.271820068359,120789.43794026916,906889.8145648427,18295.341463414636,13.365853658536585,615.28125,10.75,136667.1603858496,7400.8917328010675,1183.7130681818182,86.28933333333333,0,704,750,833334,64717
192.168.43.203,35.241.24.90,52001,443,17,2022-09-19 11:28:37,875805.6163787842,9111.610899454046,20.55250578824221,10.276252894121106,10.276252894121106,9,9,3770,4210,1399.0,73.0,418.8888888888889,532.4028225245418,1399.0,70.0,467.77777777777777,517.5956761320724,1399,70,443.3333333333333,525.6201628129913,276276.55555555556,72,72,8,9,51517.97743404613,386303.9016723633,106.09626770019531,91917.49577134546,838432.3120117188,387218.2369232178,780.3440093994141,104804.03900146484,126450.96531433173,743664.026260376,408004.2839050293,106.09626770019531,92958.003282547,123755.09862763538,0,0,0,0,1,0,0,0,0,0,0,1.0,443.3333333333333,0,0,385389.5664215088,13837.099075317383,134586.19117736816,131034.76253713715,364603.51943969727,11529.684066772461,88788.03253173828,110879.73485150882,0.0,0.0,0.0,0.0,0.0,0.0,418.8888888888889,467.77777777777777,0,9,9,3770,4210
192.168.43.203,35.241.24.90,50216,443,6,2022-09-19 11:28:37,520141.8399810791,6523.220666354056,30.760840159641884,17.30297258979856,13.457867569843323,9,7,2094,1299,1293.0,66.0,232.66666666666666,378.52785014227595,652.0,66.0,185.57142857142858,203.288575424098,1293,66,212.0625,314.99671997300226,99222.93359375,180,140,20,4,34676.12266540527,127039.67094421387,30.517578125,48127.19628945739,426845.7889556885,245653.86772155762,723.8388061523438,53355.72361946106,80629.24949098277,433557.74879455566,131097.31674194336,2633.0947875976562,72259.6247990926,51307.26346431497,0,0,0,0,1,0,0,0,0,0,0,0.7777777777777778,212.0625,64240,276,124650.47836303711,79590.3205871582,95618.88376871745,20565.563030427034,123071.43211364746,77231.64558410645,95038.17558288574,17157.722644910617,0.0,0.0,0.0,0.0,0.0,0.0,232.66666666666666,185.57142857142858,0,9,7,2094,1299
192.168.43.203,13.107.43.14,55884,443,6,2022-09-19 11:28:38,0.0,0,0,0,0,1,0,177,0,177.0,177.0,177.0,0.0,0.0,0.0,0.0,0.0,177,177,177.0,0.0,0.0,20,0,20,1,0.0,0.0,0.0,0.0,0,0.0,0.0,0.0,0.0,0.0,0.0,0.0,0.0,0.0,0,0,0,0,1,0,0,0,0,0,0,0.0,177.0,501,0,0.0,0.0,0.0,0.0,0.0,0.0,0.0,0.0,0.0,0.0,0.0,0.0,0.0,0.0,177.0,0.0,0,1,0,177,0
192.168.43.203,75.2.88.188,35018,443,6,2022-09-19 11:28:38,0.0,0,0,0,0,1,0,189,0,189.0,189.0,189.0,0.0,0.0,0.0,0.0,0.0,189,189,189.0,0.0,0.0,20,0,20,1,0.0,0.0,0.0,0.0,0,0.0,0.0,0.0,0.0,0.0,0.0,0.0,0.0,0.0,0,0,0,0,1,0,0,0,0,0,0,0.0,189.0,566,0,0.0,0.0,0.0,0.0,0.0,0.0,0.0,0.0,0.0,0.0,0.0,0.0,0.0,0.0,189.0,0.0,0,1,0,189,0
192.168.43.203,192.168.43.96,35646,53,17,2022-09-19 11:28:39,5375.62370300293,40553.43380494079,372.0498514214751,186.02492571073756,186.02492571073756,1,1,109,109,109.0,109.0,109.0,0.0,109.0,109.0,109.0,0.0,109,109,109.0,0.0,0.0,8,8,8,1,0.0,0.0,0.0,0.0,0,0.0,0.0,0.0,0.0,0.0,0.0,0.0,0.0,0.0,0,0,0,0,1,0,0,0,0,0,0,1.0,109.0,0,0,0.0,0.0,0.0,0.0,0.0,0.0,0.0,0.0,0.0,0.0,0.0,0.0,0.0,0.0,109.0,109.0,0,1,1,109,109
192.168.43.203,192.168.43.96,50278,53,17,2022-09-19 11:28:39,4909.276962280273,44405.72444271769,407.3919673643825,203.69598368219124,203.69598368219124,1,1,109,109,109.0,109.0,109.0,0.0,109.0,109.0,109.0,0.0,109,109,109.0,0.0,0.0,8,8,8,1,0.0,0.0,0.0,0.0,0,0.0,0.0,0.0,0.0,0.0,0.0,0.0,0.0,0.0,0,0,0,0,1,0,0,0,0,0,0,1.0,109.0,0,0,0.0,0.0,0.0,0.0,0.0,0.0,0.0,0.0,0.0,0.0,0.0,0.0,0.0,0.0,109.0,109.0,0,1,1,109,109
192.168.43.203,34.237.73.95,39456,443,6,2022-09-19 11:28:40,18392849.922180176,63.231092784458774,0.3262137202981536,0.1631068601490768,0.1631068601490768,3,3,640,523,354.0,66.0,213.33333333333334,117.66997162497417,391.0,66.0,174.33333333333334,153.20646925708527,391,66,193.83333333333334,137.9835940328495,19039.472222222223,60,60,20,2,3678569.984436035,17681258.4400177,0.476837158203125,7002763.322169267,18392849.922180176,18009893.4173584,382956.50482177734,9196424.961090088,8813468.45626831,18022115.230560303,18022114.753723145,0.476837158203125,9011057.615280151,9011057.138442993,0,0,0,0,1,0,0,0,0,0,0,1.0,193.83333333333334,501,172,0.0,0.0,0.0,0.0,17352623.462677002,42099.2374420166,5907785.892486572,8093567.649213442,0.0,0.0,0.0,0.0,0.0,0.0,213.33333333333334,174.33333333333334,0,3,3,640,523
192.168.43.203,104.18.70.113,49466,443,6,2022-09-19 11:28:42,0.0,0,0,0,0,1,0,156,0,156.0,156.0,156.0,0.0,0.0,0.0,0.0,0.0,156,156,156.0,0.0,0.0,20,0,20,1,0.0,0.0,0.0,0.0,0,0.0,0.0,0.0,0.0,0.0,0.0,0.0,0.0,0.0,0,0,0,0,1,0,0,0,0,0,0,0.0,156.0,501,0,0.0,0.0,0.0,0.0,0.0,0.0,0.0,0.0,0.0,0.0,0.0,0.0,0.0,0.0,156.0,0.0,0,1,0,156,0
192.168.43.203,34.120.195.249,34678,443,6,2022-09-19 11:28:42,0.0,0,0,0,0,1,0,168,0,168.0,168.0,168.0,0.0,0.0,0.0,0.0,0.0,168,168,168.0,0.0,0.0,20,0,20,1,0.0,0.0,0.0,0.0,0,0.0,0.0,0.0,0.0,0.0,0.0,0.0,0.0,0.0,0,0,0,0,1,0,0,0,0,0,0,0.0,168.0,501,0,0.0,0.0,0.0,0.0,0.0,0.0,0.0,0.0,0.0,0.0,0.0,0.0,0.0,0.0,168.0,0.0,0,1,0,168,0
192.168.43.203,34.120.195.249,34680,443,6,2022-09-19 11:28:42,0.0,0,0,0,0,1,0,168,0,168.0,168.0,168.0,0.0,0.0,0.0,0.0,0.0,168,168,168.0,0.0,0.0,20,0,20,1,0.0,0.0,0.0,0.0,0,0.0,0.0,0.0,0.0,0.0,0.0,0.0,0.0,0.0,0,0,0,0,1,0,0,0,0,0,0,0.0,168.0,501,0,0.0,0.0,0.0,0.0,0.0,0.0,0.0,0.0,0.0,0.0,0.0,0.0,0.0,0.0,168.0,0.0,0,1,0,168,0
192.168.43.203,34.120.208.123,46076,443,6,2022-09-19 11:28:44,0.0,0,0,0,0,1,0,189,0,189.0,189.0,189.0,0.0,0.0,0.0,0.0,0.0,189,189,189.0,0.0,0.0,20,0,20,1,0.0,0.0,0.0,0.0,0,0.0,0.0,0.0,0.0,0.0,0.0,0.0,0.0,0.0,0,0,0,0,1,0,0,0,0,0,0,0.0,189.0,501,0,0.0,0.0,0.0,0.0,0.0,0.0,0.0,0.0,0.0,0.0,0.0,0.0,0.0,0.0,189.0,0.0,0,1,0,189,0
192.168.43.203,182.176.156.98,48462,443,6,2022-09-19 11:28:44,0.0,0,0,0,0,1,0,168,0,168.0,168.0,168.0,0.0,0.0,0.0,0.0,0.0,168,168,168.0,0.0,0.0,20,0,20,1,0.0,0.0,0.0,0.0,0,0.0,0.0,0.0,0.0,0.0,0.0,0.0,0.0,0.0,0,0,0,0,1,0,0,0,0,0,0,0.0,168.0,501,0,0.0,0.0,0.0,0.0,0.0,0.0,0.0,0.0,0.0,0.0,0.0,0.0,0.0,0.0,168.0,0.0,0,1,0,168,0
192.168.43.203,34.200.202.85,38608,443,6,2022-09-19 11:28:44,0.0,0,0,0,0,1,0,189,0,189.0,189.0,189.0,0.0,0.0,0.0,0.0,0.0,189,189,189.0,0.0,0.0,20,0,20,1,0.0,0.0,0.0,0.0,0,0.0,0.0,0.0,0.0,0.0,0.0,0.0,0.0,0.0,0,0,0,0,1,0,0,0,0,0,0,0.0,189.0,501,0,0.0,0.0,0.0,0.0,0.0,0.0,0.0,0.0,0.0,0.0,0.0,0.0,0.0,0.0,189.0,0.0,0,1,0,189,0
192.168.43.203,34.237.73.95,50262,443,6,2022-09-19 11:28:44,0.0,0,0,0,0,1,0,422,0,422.0,422.0,422.0,0.0,0.0,0.0,0.0,0.0,422,422,422.0,0.0,0.0,20,0,20,1,0.0,0.0,0.0,0.0,0,0.0,0.0,0.0,0.0,0.0,0.0,0.0,0.0,0.0,0,0,0,0,1,0,0,0,0,0,0,0.0,422.0,501,0,0.0,0.0,0.0,0.0,0.0,0.0,0.0,0.0,0.0,0.0,0.0,0.0,0.0,0.0,422.0,0.0,0,1,0,422,0
192.168.43.203,104.26.3.186,41190,443,6,2022-09-19 11:28:46,0.0,0,0,0,0,1,0,106,0,106.0,106.0,106.0,0.0,0.0,0.0,0.0,0.0,106,106,106.0,0.0,0.0,20,0,20,1,0.0,0.0,0.0,0.0,0,0.0,0.0,0.0,0.0,0.0,0.0,0.0,0.0,0.0,0,0,0,0,1,0,0,0,0,0,0,0.0,106.0,501,0,0.0,0.0,0.0,0.0,0.0,0.0,0.0,0.0,0.0,0.0,0.0,0.0,0.0,0.0,106.0,0.0,0,1,0,106,0
192.168.43.203,172.64.146.158,40200,443,6,2022-09-19 11:28:46,0.0,0,0,0,0,1,0,156,0,156.0,156.0,156.0,0.0,0.0,0.0,0.0,0.0,156,156,156.0,0.0,0.0,20,0,20,1,0.0,0.0,0.0,0.0,0,0.0,0.0,0.0,0.0,0.0,0.0,0.0,0.0,0.0,0,0,0,0,1,0,0,0,0,0,0,0.0,156.0,501,0,0.0,0.0,0.0,0.0,0.0,0.0,0.0,0.0,0.0,0.0,0.0,0.0,0.0,0.0,156.0,0.0,0,1,0,156,0
192.168.43.203,34.117.27.86,48984,443,6,2022-09-19 11:28:46,0.0,0,0,0,0,1,0,168,0,168.0,168.0,168.0,0.0,0.0,0.0,0.0,0.0,168,168,168.0,0.0,0.0,20,0,20,1,0.0,0.0,0.0,0.0,0,0.0,0.0,0.0,0.0,0.0,0.0,0.0,0.0,0.0,0,0,0,0,1,0,0,0,0,0,0,0.0,168.0,501,0,0.0,0.0,0.0,0.0,0.0,0.0,0.0,0.0,0.0,0.0,0.0,0.0,0.0,0.0,168.0,0.0,0,1,0,168,0
192.168.43.203,192.168.43.96,48321,53,17,2022-09-19 11:28:47,43577.19421386719,5553.3635050553685,45.895566157482385,22.947783078741192,22.947783078741192,1,1,76,166,76.0,76.0,76.0,0.0,166.0,166.0,166.0,0.0,166,76,121.0,45.0,2025.0,8,8,8,1,0.0,0.0,0.0,0.0,0,0.0,0.0,0.0,0.0,0.0,0.0,0.0,0.0,0.0,0,0,0,0,1,0,0,0,0,0,0,1.0,121.0,0,0,0.0,0.0,0.0,0.0,0.0,0.0,0.0,0.0,0.0,0.0,0.0,0.0,0.0,0.0,76.0,166.0,0,1,1,76,166
192.168.43.203,192.168.43.96,45388,53,17,2022-09-19 11:28:47,2121.9253540039062,71633.05707865169,942.5402247191012,471.2701123595506,471.2701123595506,1,1,76,76,76.0,76.0,76.0,0.0,76.0,76.0,76.0,0.0,76,76,76.0,0.0,0.0,8,8,8,1,0.0,0.0,0.0,0.0,0,0.0,0.0,0.0,0.0,0.0,0.0,0.0,0.0,0.0,0,0,0,0,1,0,0,0,0,0,0,1.0,76.0,0,0,0.0,0.0,0.0,0.0,0.0,0.0,0.0,0.0,0.0,0.0,0.0,0.0,0.0,0.0,76.0,76.0,0,1,1,76,76
192.168.43.203,34.117.27.86,48992,443,6,2022-09-19 11:28:48,0.0,0,0,0,0,1,0,168,0,168.0,168.0,168.0,0.0,0.0,0.0,0.0,0.0,168,168,168.0,0.0,0.0,20,0,20,1,0.0,0.0,0.0,0.0,0,0.0,0.0,0.0,0.0,0.0,0.0,0.0,0.0,0.0,0,0,0,0,1,0,0,0,0,0,0,0.0,168.0,501,0,0.0,0.0,0.0,0.0,0.0,0.0,0.0,0.0,0.0,0.0,0.0,0.0,0.0,0.0,168.0,0.0,0,1,0,168,0
192.168.43.203,172.67.68.36,43372,443,6,2022-09-19 11:28:48,0.0,0,0,0,0,1,0,156,0,156.0,156.0,156.0,0.0,0.0,0.0,0.0,0.0,156,156,156.0,0.0,0.0,20,0,20,1,0.0,0.0,0.0,0.0,0,0.0,0.0,0.0,0.0,0.0,0.0,0.0,0.0,0.0,0,0,0,0,1,0,0,0,0,0,0,0.0,156.0,501,0,0.0,0.0,0.0,0.0,0.0,0.0,0.0,0.0,0.0,0.0,0.0,0.0,0.0,0.0,156.0,0.0,0,1,0,156,0
192.168.43.203,34.107.204.85,46372,443,6,2022-09-19 11:28:48,0.0,0,0,0,0,1,0,168,0,168.0,168.0,168.0,0.0,0.0,0.0,0.0,0.0,168,168,168.0,0.0,0.0,20,0,20,1,0.0,0.0,0.0,0.0,0,0.0,0.0,0.0,0.0,0.0,0.0,0.0,0.0,0.0,0,0,0,0,1,0,0,0,0,0,0,0.0,168.0,501,0,0.0,0.0,0.0,0.0,0.0,0.0,0.0,0.0,0.0,0.0,0.0,0.0,0.0,0.0,168.0,0.0,0,1,0,168,0
192.168.43.203,66.102.1.156,50310,443,6,2022-09-19 11:28:50,0.0,0,0,0,0,1,0,168,0,168.0,168.0,168.0,0.0,0.0,0.0,0.0,0.0,168,168,168.0,0.0,0.0,20,0,20,1,0.0,0.0,0.0,0.0,0,0.0,0.0,0.0,0.0,0.0,0.0,0.0,0.0,0.0,0,0,0,0,1,0,0,0,0,0,0,0.0,168.0,501,0,0.0,0.0,0.0,0.0,0.0,0.0,0.0,0.0,0.0,0.0,0.0,0.0,0.0,0.0,168.0,0.0,0,1,0,168,0
192.168.43.203,216.58.208.228,37070,443,6,2022-09-19 11:28:52,0.0,0,0,0,0,1,0,168,0,168.0,168.0,168.0,0.0,0.0,0.0,0.0,0.0,168,168,168.0,0.0,0.0,20,0,20,1,0.0,0.0,0.0,0.0,0,0.0,0.0,0.0,0.0,0.0,0.0,0.0,0.0,0.0,0,0,0,0,1,0,0,0,0,0,0,0.0,168.0,501,0,0.0,0.0,0.0,0.0,0.0,0.0,0.0,0.0,0.0,0.0,0.0,0.0,0.0,0.0,168.0,0.0,0,1,0,168,0
192.168.43.203,104.16.101.12,55938,443,6,2022-09-19 11:28:52,0.0,0,0,0,0,1,0,156,0,156.0,156.0,156.0,0.0,0.0,0.0,0.0,0.0,156,156,156.0,0.0,0.0,20,0,20,1,0.0,0.0,0.0,0.0,0,0.0,0.0,0.0,0.0,0.0,0.0,0.0,0.0,0.0,0,0,0,0,1,0,0,0,0,0,0,0.0,156.0,501,0,0.0,0.0,0.0,0.0,0.0,0.0,0.0,0.0,0.0,0.0,0.0,0.0,0.0,0.0,156.0,0.0,0,1,0,156,0
192.168.43.203,192.168.43.96,53888,53,17,2022-09-19 11:28:53,87867.49839782715,2537.912243618791,22.76154478581875,11.380772392909375,11.380772392909375,1,1,72,151,72.0,72.0,72.0,0.0,151.0,151.0,151.0,0.0,151,72,111.5,39.5,1560.25,8,8,8,1,0.0,0.0,0.0,0.0,0,0.0,0.0,0.0,0.0,0.0,0.0,0.0,0.0,0.0,0,0,0,0,1,0,0,0,0,0,0,1.0,111.5,0,0,0.0,0.0,0.0,0.0,0.0,0.0,0.0,0.0,0.0,0.0,0.0,0.0,0.0,0.0,72.0,151.0,0,1,1,72,151
192.168.43.203,192.168.43.96,45334,53,17,2022-09-19 11:28:53,131354.80880737305,2116.4051969172797,15.22593666846964,7.61296833423482,7.61296833423482,1,1,72,206,72.0,72.0,72.0,0.0,206.0,206.0,206.0,0.0,206,72,139.0,67.0,4489.0,8,8,8,1,0.0,0.0,0.0,0.0,0,0.0,0.0,0.0,0.0,0.0,0.0,0.0,0.0,0.0,0,0,0,0,1,0,0,0,0,0,0,1.0,139.0,0,0,0.0,0.0,0.0,0.0,0.0,0.0,0.0,0.0,0.0,0.0,0.0,0.0,0.0,0.0,72.0,206.0,0,1,1,72,206
192.168.43.203,192.168.43.96,52814,53,17,2022-09-19 11:28:53,1880.1689147949219,115947.02916560994,1063.7342125285315,531.8671062642658,531.8671062642658,1,1,109,109,109.0,109.0,109.0,0.0,109.0,109.0,109.0,0.0,109,109,109.0,0.0,0.0,8,8,8,1,0.0,0.0,0.0,0.0,0,0.0,0.0,0.0,0.0,0.0,0.0,0.0,0.0,0.0,0,0,0,0,1,0,0,0,0,0,0,1.0,109.0,0,0,0.0,0.0,0.0,0.0,0.0,0.0,0.0,0.0,0.0,0.0,0.0,0.0,0.0,0.0,109.0,109.0,0,1,1,109,109
192.168.43.203,35.190.60.146,37534,443,6,2022-09-19 11:28:56,0.0,0,0,0,0,1,0,168,0,168.0,168.0,168.0,0.0,0.0,0.0,0.0,0.0,168,168,168.0,0.0,0.0,20,0,20,1,0.0,0.0,0.0,0.0,0,0.0,0.0,0.0,0.0,0.0,0.0,0.0,0.0,0.0,0,0,0,0,1,0,0,0,0,0,0,0.0,168.0,501,0,0.0,0.0,0.0,0.0,0.0,0.0,0.0,0.0,0.0,0.0,0.0,0.0,0.0,0.0,168.0,0.0,0,1,0,168,0
192.168.43.203,13.35.169.94,33204,443,6,2022-09-19 11:28:56,0.0,0,0,0,0,1,0,168,0,168.0,168.0,168.0,0.0,0.0,0.0,0.0,0.0,168,168,168.0,0.0,0.0,20,0,20,1,0.0,0.0,0.0,0.0,0,0.0,0.0,0.0,0.0,0.0,0.0,0.0,0.0,0.0,0,0,0,0,1,0,0,0,0,0,0,0.0,168.0,501,0,0.0,0.0,0.0,0.0,0.0,0.0,0.0,0.0,0.0,0.0,0.0,0.0,0.0,0.0,168.0,0.0,0,1,0,168,0
192.168.43.203,192.168.43.96,46493,53,17,2022-09-19 11:28:57,2592.325210571289,58634.6185965235,771.5081394279408,385.7540697139704,385.7540697139704,1,1,76,76,76.0,76.0,76.0,0.0,76.0,76.0,76.0,0.0,76,76,76.0,0.0,0.0,8,8,8,1,0.0,0.0,0.0,0.0,0,0.0,0.0,0.0,0.0,0.0,0.0,0.0,0.0,0.0,0,0,0,0,1,0,0,0,0,0,0,1.0,76.0,0,0,0.0,0.0,0.0,0.0,0.0,0.0,0.0,0.0,0.0,0.0,0.0,0.0,0.0,0.0,76.0,76.0,0,1,1,76,76
192.168.43.203,192.168.43.96,55949,53,17,2022-09-19 11:28:57,1690.8645629882812,89894.84038353074,1182.8268471517204,591.4134235758602,591.4134235758602,1,1,76,76,76.0,76.0,76.0,0.0,76.0,76.0,76.0,0.0,76,76,76.0,0.0,0.0,8,8,8,1,0.0,0.0,0.0,0.0,0,0.0,0.0,0.0,0.0,0.0,0.0,0.0,0.0,0.0,0,0,0,0,1,0,0,0,0,0,0,1.0,76.0,0,0,0.0,0.0,0.0,0.0,0.0,0.0,0.0,0.0,0.0,0.0,0.0,0.0,0.0,0.0,76.0,76.0,0,1,1,76,76
192.168.43.203,52.231.207.240,60190,443,6,2022-09-19 11:28:58,0.0,0,0,0,0,1,0,177,0,177.0,177.0,177.0,0.0,0.0,0.0,0.0,0.0,177,177,177.0,0.0,0.0,20,0,20,1,0.0,0.0,0.0,0.0,0,0.0,0.0,0.0,0.0,0.0,0.0,0.0,0.0,0.0,0,0,0,0,1,0,0,0,0,0,0,0.0,177.0,501,0,0.0,0.0,0.0,0.0,0.0,0.0,0.0,0.0,0.0,0.0,0.0,0.0,0.0,0.0,177.0,0.0,0,1,0,177,0
192.168.43.203,34.120.195.249,38768,443,6,2022-09-19 11:28:59,159006.11877441406,2150.860624962514,25.15626461944461,12.578132309722305,12.578132309722305,2,2,171,171,105.0,66.0,85.5,19.5,105.0,66.0,85.5,19.5,105,66,85.5,19.5,380.25,40,40,20,1,53002.03959147135,158803.93981933594,1.6689300537109375,74813.28515406659,0,0.0,0.0,0.0,0.0,0.0,0.0,0.0,0.0,0.0,0,0,0,0,1,0,0,0,0,0,0,1.0,85.5,501,267,0.0,0.0,0.0,0.0,0.0,0.0,0.0,0.0,0.0,0.0,0.0,0.0,0.0,0.0,85.5,85.5,0,2,2,171,171
192.168.43.203,34.117.46.154,56458,443,6,2022-09-19 11:28:59,158779.38270568848,2153.9320418818293,25.192187624348882,12.596093812174441,12.596093812174441,2,2,171,171,105.0,66.0,85.5,19.5,105.0,66.0,85.5,19.5,105,66,85.5,19.5,380.25,40,40,20,1,52926.46090189616,158668.51806640625,0.7152557373046875,74770.93902488217,0,0.0,0.0,0.0,0.0,0.0,0.0,0.0,0.0,0.0,0,0,0,0,1,0,0,0,0,0,0,1.0,85.5,501,267,0.0,0.0,0.0,0.0,0.0,0.0,0.0,0.0,0.0,0.0,0.0,0.0,0.0,0.0,85.5,85.5,0,2,2,171,171
192.168.43.203,104.212.68.3,33400,443,6,2022-09-19 11:29:00,0.0,0,0,0,0,1,0,177,0,177.0,177.0,177.0,0.0,0.0,0.0,0.0,0.0,177,177,177.0,0.0,0.0,20,0,20,1,0.0,0.0,0.0,0.0,0,0.0,0.0,0.0,0.0,0.0,0.0,0.0,0.0,0.0,0,0,0,0,1,0,0,0,0,0,0,0.0,177.0,501,0,0.0,0.0,0.0,0.0,0.0,0.0,0.0,0.0,0.0,0.0,0.0,0.0,0.0,0.0,177.0,0.0,0,1,0,177,0
192.168.43.203,192.168.43.96,42269,53,17,2022-09-19 11:29:00,5955.45768737793,36605.07914648305,335.82641418791786,167.91320709395893,167.91320709395893,1,1,109,109,109.0,109.0,109.0,0.0,109.0,109.0,109.0,0.0,109,109,109.0,0.0,0.0,8,8,8,1,0.0,0.0,0.0,0.0,0,0.0,0.0,0.0,0.0,0.0,0.0,0.0,0.0,0.0,0,0,0,0,1,0,0,0,0,0,0,1.0,109.0,0,0,0.0,0.0,0.0,0.0,0.0,0.0,0.0,0.0,0.0,0.0,0.0,0.0,0.0,0.0,109.0,109.0,0,1,1,109,109
192.168.43.203,142.250.181.3,41716,443,6,2022-09-19 11:29:00,182386.1598968506,1875.1422815931858,21.931488673604512,10.965744336802256,10.965744336802256,2,2,171,171,105.0,66.0,85.5,19.5,105.0,66.0,85.5,19.5,105,66,85.5,19.5,380.25,40,40,20,1,60795.38663228353,182224.03526306152,0.7152557373046875,85863.04593895616,0,0.0,0.0,0.0,0.0,0.0,0.0,0.0,0.0,0.0,0,0,0,0,1,0,0,0,0,0,0,1.0,85.5,501,267,0.0,0.0,0.0,0.0,0.0,0.0,0.0,0.0,0.0,0.0,0.0,0.0,0.0,0.0,85.5,85.5,0,2,2,171,171
192.168.43.203,216.58.208.228,43532,443,6,2022-09-19 11:29:00,224104.642868042,1526.0728007379014,17.848804686993,8.9244023434965,8.9244023434965,2,2,171,171,105.0,66.0,85.5,19.5,105.0,66.0,85.5,19.5,105,66,85.5,19.5,380.25,40,40,20,1,74701.54762268066,182060.00328063965,1.1920928955078125,77830.01268045654,0,0.0,0.0,0.0,0.0,0.0,0.0,0.0,0.0,0.0,0,0,0,0,1,0,0,0,0,0,0,1.0,85.5,501,267,0.0,0.0,0.0,0.0,182060.00328063965,42042.25540161133,112051.12934112549,70008.87393951416,0.0,0.0,0.0,0.0,0.0,0.0,85.5,85.5,0,2,2,171,171
192.168.43.203,172.217.19.174,60112,443,6,2022-09-19 11:29:00,182017.56477355957,1878.9395431450139,21.975901089415366,10.987950544707683,10.987950544707683,2,2,171,171,105.0,66.0,85.5,19.5,105.0,66.0,85.5,19.5,105,66,85.5,19.5,380.25,40,40,20,1,60672.52159118652,181932.6877593994,0.0,85743.89278692617,0,0.0,0.0,0.0,0.0,0.0,0.0,0.0,0.0,0.0,0,0,0,0,1,0,0,0,0,0,0,1.0,85.5,501,276,0.0,0.0,0.0,0.0,0.0,0.0,0.0,0.0,0.0,0.0,0.0,0.0,0.0,0.0,85.5,85.5,0,2,2,171,171
192.168.43.203,35.186.228.49,55868,443,6,2022-09-19 11:29:03,142987.48970031738,2391.817638849288,27.974475308178807,13.987237654089403,13.987237654089403,2,2,171,171,105.0,66.0,85.5,19.5,105.0,66.0,85.5,19.5,105,66,85.5,19.5,380.25,40,40,20,1,47662.49656677246,93992.47169494629,7924.556732177734,35444.9121265985,0,0.0,0.0,0.0,0.0,0.0,0.0,0.0,0.0,0.0,0,0,0,0,1,0,0,0,0,0,0,1.0,85.5,501,272,0.0,0.0,0.0,0.0,93992.47169494629,33145.904541015625,63569.18811798096,30423.283576965332,0.0,0.0,0.0,0.0,0.0,0.0,85.5,85.5,0,2,2,171,171
192.168.43.203,204.79.197.200,44488,443,6,2022-09-19 11:29:04,0.0,0,0,0,0,1,0,177,0,177.0,177.0,177.0,0.0,0.0,0.0,0.0,0.0,177,177,177.0,0.0,0.0,20,0,20,1,0.0,0.0,0.0,0.0,0,0.0,0.0,0.0,0.0,0.0,0.0,0.0,0.0,0.0,0,0,0,0,1,0,0,0,0,0,0,0.0,177.0,501,0,0.0,0.0,0.0,0.0,0.0,0.0,0.0,0.0,0.0,0.0,0.0,0.0,0.0,0.0,177.0,0.0,0,1,0,177,0
192.168.43.203,151.101.65.195,59178,443,6,2022-09-19 11:29:04,0.0,0,0,0,0,1,0,168,0,168.0,168.0,168.0,0.0,0.0,0.0,0.0,0.0,168,168,168.0,0.0,0.0,20,0,20,1,0.0,0.0,0.0,0.0,0,0.0,0.0,0.0,0.0,0.0,0.0,0.0,0.0,0.0,0,0,0,0,1,0,0,0,0,0,0,0.0,168.0,501,0,0.0,0.0,0.0,0.0,0.0,0.0,0.0,0.0,0.0,0.0,0.0,0.0,0.0,0.0,168.0,0.0,0,1,0,168,0
192.168.43.203,104.18.30.205,59196,443,6,2022-09-19 11:29:06,0.0,0,0,0,0,1,0,156,0,156.0,156.0,156.0,0.0,0.0,0.0,0.0,0.0,156,156,156.0,0.0,0.0,20,0,20,1,0.0,0.0,0.0,0.0,0,0.0,0.0,0.0,0.0,0.0,0.0,0.0,0.0,0.0,0,0,0,0,1,0,0,0,0,0,0,0.0,156.0,501,0,0.0,0.0,0.0,0.0,0.0,0.0,0.0,0.0,0.0,0.0,0.0,0.0,0.0,0.0,156.0,0.0,0,1,0,156,0
192.168.43.203,142.250.181.72,47936,443,6,2022-09-19 11:29:08,0.0,0,0,0,0,1,0,168,0,168.0,168.0,168.0,0.0,0.0,0.0,0.0,0.0,168,168,168.0,0.0,0.0,20,0,20,1,0.0,0.0,0.0,0.0,0,0.0,0.0,0.0,0.0,0.0,0.0,0.0,0.0,0.0,0,0,0,0,1,0,0,0,0,0,0,0.0,168.0,501,0,0.0,0.0,0.0,0.0,0.0,0.0,0.0,0.0,0.0,0.0,0.0,0.0,0.0,0.0,168.0,0.0,0,1,0,168,0
192.168.43.203,104.16.101.12,55928,443,6,2022-09-19 11:29:08,0.0,0,0,0,0,1,0,156,0,156.0,156.0,156.0,0.0,0.0,0.0,0.0,0.0,156,156,156.0,0.0,0.0,20,0,20,1,0.0,0.0,0.0,0.0,0,0.0,0.0,0.0,0.0,0.0,0.0,0.0,0.0,0.0,0,0,0,0,1,0,0,0,0,0,0,0.0,156.0,501,0,0.0,0.0,0.0,0.0,0.0,0.0,0.0,0.0,0.0,0.0,0.0,0.0,0.0,0.0,156.0,0.0,0,1,0,156,0
192.168.43.203,35.186.228.49,55854,443,6,2022-09-19 11:29:08,167224.40719604492,2045.1560016538588,23.919953235717646,11.959976617858823,11.959976617858823,2,2,171,171,105.0,66.0,85.5,19.5,105.0,66.0,85.5,19.5,105,66,85.5,19.5,380.25,40,40,20,1,55741.469065348305,167105.19790649414,0.95367431640625,78746.06240310063,0,0.0,0.0,0.0,0.0,0.0,0.0,0.0,0.0,0.0,0,0,0,0,1,0,0,0,0,0,0,1.0,85.5,501,901,0.0,0.0,0.0,0.0,0.0,0.0,0.0,0.0,0.0,0.0,0.0,0.0,0.0,0.0,85.5,85.5,0,2,2,171,171
192.168.43.203,75.2.88.188,33658,443,6,2022-09-19 11:29:10,316400.28953552246,1125.1569981892562,12.642213462800632,6.321106731400316,6.321106731400316,2,2,178,178,112.0,66.0,89.0,23.0,112.0,66.0,89.0,23.0,112,66,89.0,23.0,529.0,40,40,20,1,105466.76317850749,243906.97479248047,86.30752563476562,102247.54290370698,0,0.0,0.0,0.0,0.0,0.0,0.0,0.0,0.0,0.0,0,0,0,0,1,0,0,0,0,0,0,1.0,89.0,501,934,0.0,0.0,0.0,0.0,171499.96757507324,72407.00721740723,121953.48739624023,49546.48017883301,0.0,0.0,0.0,0.0,0.0,0.0,89.0,89.0,0,2,2,178,178
192.168.43.203,146.75.113.140,42876,443,6,2022-09-19 11:29:12,0.0,0,0,0,0,1,0,168,0,168.0,168.0,168.0,0.0,0.0,0.0,0.0,0.0,168,168,168.0,0.0,0.0,20,0,20,1,0.0,0.0,0.0,0.0,0,0.0,0.0,0.0,0.0,0.0,0.0,0.0,0.0,0.0,0,0,0,0,1,0,0,0,0,0,0,0.0,168.0,501,0,0.0,0.0,0.0,0.0,0.0,0.0,0.0,0.0,0.0,0.0,0.0,0.0,0.0,0.0,168.0,0.0,0,1,0,168,0
192.168.43.203,104.16.53.111,37476,443,6,2022-09-19 11:29:12,0.0,0,0,0,0,1,0,177,0,177.0,177.0,177.0,0.0,0.0,0.0,0.0,0.0,177,177,177.0,0.0,0.0,20,0,20,1,0.0,0.0,0.0,0.0,0,0.0,0.0,0.0,0.0,0.0,0.0,0.0,0.0,0.0,0,0,0,0,1,0,0,0,0,0,0,0.0,177.0,501,0,0.0,0.0,0.0,0.0,0.0,0.0,0.0,0.0,0.0,0.0,0.0,0.0,0.0,0.0,177.0,0.0,0,1,0,177,0
192.168.43.203,35.186.194.58,60188,443,17,2022-09-19 11:28:26,51546575.06942749,1022.4539637990223,1.8235935146688695,1.1445959294198222,0.6789975852490472,59,35,49691,3013,1399.0,71.0,842.2203389830509,636.2941454911602,138.0,70.0,86.08571428571429,28.2826260940442,1399,70,560.6808510638298,622.9251895380197,388035.79176097777,472,280,8,59,554264.2480583601,19209081.649780273,0.476837158203125,2550706.317110462,51470090.38925171,19272777.795791626,30.517578125,887415.3515388225,3213105.0525762048,51398533.82110596,19371385.33592224,0.476837158203125,1511721.5829737047,4121319.9289353546,0,0,0,0,1,0,0,0,0,0,0,0.5932203389830508,560.6808510638298,0,0,19188346.14753723,65.08827209472656,2386964.0145983016,4940133.166001465,19145385.50376892,5321.025848388672,1476547.0238292918,4018149.4808480595,14795.666666666666,12.333333333333334,218.0,6.5,72374.34151727054,623.6698218769812,842.2203389830509,86.08571428571429,0,59,35,49691,3013
192.168.43.203,44.239.126.203,38134,443,6,2022-09-19 11:29:13,387404.6802520752,748.5712351520992,7.743840363642406,5.16256024242827,2.581280121214135,2,1,178,112,112.0,66.0,89.0,23.0,112.0,112.0,112.0,0.0,112,66,96.66666666666667,21.684607956387456,470.2222222222222,40,20,20,1,193702.3401260376,387310.9817504883,93.69850158691406,193608.64162445068,0,0.0,0.0,0.0,0.0,0.0,0.0,0.0,0.0,0.0,0,0,0,0,1,0,0,0,0,0,0,0.5,96.66666666666667,501,259,0.0,0.0,0.0,0.0,0.0,0.0,0.0,0.0,0.0,0.0,0.0,0.0,0.0,0.0,89.0,112.0,0,2,1,178,112
192.168.43.203,192.168.43.96,41181,53,17,2022-09-19 11:29:17,5049.943923950195,30099.344129172372,396.04400169963645,198.02200084981823,198.02200084981823,1,1,76,76,76.0,76.0,76.0,0.0,76.0,76.0,76.0,0.0,76,76,76.0,0.0,0.0,8,8,8,1,0.0,0.0,0.0,0.0,0,0.0,0.0,0.0,0.0,0.0,0.0,0.0,0.0,0.0,0,0,0,0,1,0,0,0,0,0,0,1.0,76.0,0,0,0.0,0.0,0.0,0.0,0.0,0.0,0.0,0.0,0.0,0.0,0.0,0.0,0.0,0.0,76.0,76.0,0,1,1,76,76
192.168.43.203,54.162.244.84,59116,443,6,2022-09-19 11:29:21,0.0,0,0,0,0,1,0,189,0,189.0,189.0,189.0,0.0,0.0,0.0,0.0,0.0,189,189,189.0,0.0,0.0,20,0,20,1,0.0,0.0,0.0,0.0,0,0.0,0.0,0.0,0.0,0.0,0.0,0.0,0.0,0.0,0,0,0,0,1,0,0,0,0,0,0,0.0,189.0,501,0,0.0,0.0,0.0,0.0,0.0,0.0,0.0,0.0,0.0,0.0,0.0,0.0,0.0,0.0,189.0,0.0,0,1,0,189,0
192.168.43.203,199.232.45.140,59014,443,6,2022-09-19 11:29:21,0.0,0,0,0,0,1,0,168,0,168.0,168.0,168.0,0.0,0.0,0.0,0.0,0.0,168,168,168.0,0.0,0.0,20,0,20,1,0.0,0.0,0.0,0.0,0,0.0,0.0,0.0,0.0,0.0,0.0,0.0,0.0,0.0,0,0,0,0,1,0,0,0,0,0,0,0.0,168.0,501,0,0.0,0.0,0.0,0.0,0.0,0.0,0.0,0.0,0.0,0.0,0.0,0.0,0.0,0.0,168.0,0.0,0,1,0,168,0
192.168.43.203,75.2.88.188,35018,443,6,2022-09-19 11:29:27,0.0,0,0,0,0,1,0,189,0,189.0,189.0,189.0,0.0,0.0,0.0,0.0,0.0,189,189,189.0,0.0,0.0,20,0,20,1,0.0,0.0,0.0,0.0,0,0.0,0.0,0.0,0.0,0.0,0.0,0.0,0.0,0.0,0,0,0,0,1,0,0,0,0,0,0,0.0,189.0,566,0,0.0,0.0,0.0,0.0,0.0,0.0,0.0,0.0,0.0,0.0,0.0,0.0,0.0,0.0,189.0,0.0,0,1,0,189,0
192.168.43.203,54.169.175.250,35984,443,6,2022-09-19 11:28:33,94711092.710495,27.01901041118952,0.25340220784234013,0.12670110392117007,0.12670110392117007,12,12,1582,977,145.0,66.0,131.83333333333334,29.441561703747233,141.0,66.0,81.41666666666667,26.896277107105774,145,66,106.625,37.8228463806379,1430.5677083333333,240,240,20,10,4117873.596108478,15840244.29321289,54.12101745605469,5862078.142244104,94567841.29142761,16001794.815063477,384021.0437774658,8597076.481038874,6168975.65167024,92882175.9223938,16085305.92918396,150706.76803588867,8443834.174763072,6256736.274396725,0,0,0,0,1,0,0,0,0,0,0,1.0,106.625,501,134,15639058.828353882,6805.181503295898,7533441.591262817,5993244.489268924,15679232.358932495,135328.5312652588,7517868.0419921875,6226010.103254563,316.0,4.0,0.0,0.0,204.2942583204744,0.0,131.83333333333334,81.41666666666667,0,12,12,1582,977
35.244.180.134,192.168.43.203,443,59686,6,2022-09-19 11:28:34,104330117.22564697,115.0866146736043,0.7859667196831476,0.4409081598222535,0.34505855986089407,46,36,7018,4989,445.0,66.0,152.56521739130434,94.37636314567814,356.0,66.0,138.58333333333334,109.67005440562767,445,66,146.4268292682927,101.61237087253059,10325.073914336703,920,720,20,30,1288021.4438026333,30002717.971801758,-142.3358917236328,4664900.1975388955,104329644.91844177,30002799.51095581,0.0,2318436.5537431506,6081223.925956394,104330049.27635193,30002803.325653076,26.941299438476562,2980858.550752912,6743879.0231919885,0,0,0,0,1,0,0,0,0,0,0,0.782608695652174,146.4268292682927,303,501,30002308.130264282,67.94929504394531,5132967.6151275635,8252933.832764499,30002675.771713257,6102.085113525391,3551114.0001231227,7253975.139437636,0.0,0.0,1121.0,5.0,0.0,892.6860245276191,152.56521739130434,138.58333333333334,0,46,36,7018,4989
192.168.43.203,34.107.204.85,57170,443,6,2022-09-19 11:29:35,191270.8282470703,1788.0405660095132,20.912755158006004,10.456377579003002,10.456377579003002,2,2,171,171,105.0,66.0,85.5,19.5,105.0,66.0,85.5,19.5,105,66,85.5,19.5,380.25,40,40,20,1,63756.94274902344,148947.23892211914,0.476837158203125,62667.59552670965,0,0.0,0.0,0.0,0.0,0.0,0.0,0.0,0.0,0.0,0,0,0,0,1,0,0,0,0,0,0,1.0,85.5,501,276,0.0,0.0,0.0,0.0,148947.23892211914,42322.635650634766,95634.93728637695,53312.30163574219,0.0,0.0,0.0,0.0,0.0,0.0,85.5,85.5,0,2,2,171,171
192.168.43.203,35.241.24.90,50216,443,6,2022-09-19 11:29:36,118523.35929870605,2885.5071441071927,33.74862156850518,16.87431078425259,16.87431078425259,2,2,171,171,105.0,66.0,85.5,19.5,105.0,66.0,85.5,19.5,105,66,85.5,19.5,380.25,40,40,20,1,39507.786432902016,118452.31056213379,0.7152557373046875,55822.21558464252,0,0.0,0.0,0.0,0.0,0.0,0.0,0.0,0.0,0.0,0,0,0,0,1,0,0,0,0,0,0,1.0,85.5,501,276,0.0,0.0,0.0,0.0,0.0,0.0,0.0,0.0,0.0,0.0,0.0,0.0,0.0,0.0,85.5,85.5,0,2,2,171,171
192.168.43.203,34.237.73.95,39456,443,6,2022-09-19 11:29:44,291632.17544555664,2780.900285645613,10.286930773041725,6.857953848694484,3.428976924347242,2,1,420,391,354.0,66.0,210.0,144.0,391.0,391.0,391.0,0.0,391,66,270.3333333333333,145.27292322460585,21104.222222222223,40,20,20,1,145816.08772277832,291539.43061828613,92.74482727050781,145723.3428955078,0,0.0,0.0,0.0,0.0,0.0,0.0,0.0,0.0,0.0,0,0,0,0,1,0,0,0,0,0,0,0.5,270.3333333333333,501,175,0.0,0.0,0.0,0.0,0.0,0.0,0.0,0.0,0.0,0.0,0.0,0.0,0.0,0.0,210.0,391.0,0,2,1,420,391
192.168.43.203,192.168.43.96,58591,53,17,2022-09-19 11:29:53,5287.408828735352,28747.540605131442,378.2571132254137,189.12855661270686,189.12855661270686,1,1,76,76,76.0,76.0,76.0,0.0,76.0,76.0,76.0,0.0,76,76,76.0,0.0,0.0,8,8,8,1,0.0,0.0,0.0,0.0,0,0.0,0.0,0.0,0.0,0.0,0.0,0.0,0.0,0.0,0,0,0,0,1,0,0,0,0,0,0,1.0,76.0,0,0,0.0,0.0,0.0,0.0,0.0,0.0,0.0,0.0,0.0,0.0,0.0,0.0,0.0,0.0,76.0,76.0,0,1,1,76,76
192.168.43.203,192.168.43.96,32847,53,17,2022-09-19 11:29:53,3239.6316528320312,46918.91433617898,617.3541360023551,308.67706800117753,308.67706800117753,1,1,76,76,76.0,76.0,76.0,0.0,76.0,76.0,76.0,0.0,76,76,76.0,0.0,0.0,8,8,8,1,0.0,0.0,0.0,0.0,0,0.0,0.0,0.0,0.0,0.0,0.0,0.0,0.0,0.0,0,0,0,0,1,0,0,0,0,0,0,1.0,76.0,0,0,0.0,0.0,0.0,0.0,0.0,0.0,0.0,0.0,0.0,0.0,0.0,0.0,0.0,0.0,76.0,76.0,0,1,1,76,76
192.168.43.203,35.186.194.58,47948,443,6,2022-09-19 11:29:53,435684.6809387207,7780.856542157849,36.72380668865061,20.657141262365972,16.066665426284644,9,7,2091,1299,1290.0,66.0,232.33333333333334,377.594138372583,652.0,66.0,185.57142857142858,203.288575424098,1290,66,211.875,314.3534783885809,98818.109375,180,140,20,4,29045.645395914715,110031.8431854248,16.21246337890625,41426.81549648633,368697.4048614502,205950.73699951172,221.25244140625,46087.175607681274,68983.90464047472,342010.0212097168,110031.8431854248,86.54594421386719,57001.67020161947,42605.7681945551,0,0,0,0,1,0,0,0,0,0,0,0.7777777777777778,211.875,64240,276,109810.59074401855,61753.034591674805,87307.37368265788,19737.682826911798,93674.6597290039,14153.480529785156,65781.87942504883,28912.769243787585,0.0,0.0,0.0,0.0,0.0,0.0,232.33333333333334,185.57142857142858,0,9,7,2091,1299
192.168.43.203,192.168.43.96,41298,53,17,2022-09-19 11:29:58,72041.03469848633,2109.9086185556093,27.76195550731065,13.880977753655324,13.880977753655324,1,1,76,76,76.0,76.0,76.0,0.0,76.0,76.0,76.0,0.0,76,76,76.0,0.0,0.0,8,8,8,1,0.0,0.0,0.0,0.0,0,0.0,0.0,0.0,0.0,0.0,0.0,0.0,0.0,0.0,0,0,0,0,1,0,0,0,0,0,0,1.0,76.0,0,0,0.0,0.0,0.0,0.0,0.0,0.0,0.0,0.0,0.0,0.0,0.0,0.0,0.0,0.0,76.0,76.0,0,1,1,76,76
192.168.43.203,34.120.195.249,38768,443,6,2022-09-19 11:29:58,57117.462158203125,4832.147465437788,52.52334201562813,35.01556134375209,17.507780671876045,2,1,171,105,105.0,66.0,85.5,19.5,105.0,105.0,105.0,0.0,105,66,92.0,18.384776310850235,338.0,40,20,20,1,28558.731079101562,57028.770446777344,88.69171142578125,28470.03936767578,0,0.0,0.0,0.0,0.0,0.0,0.0,0.0,0.0,0.0,0,0,0,0,1,0,0,0,0,0,0,0.5,92.0,501,267,0.0,0.0,0.0,0.0,0.0,0.0,0.0,0.0,0.0,0.0,0.0,0.0,0.0,0.0,85.5,105.0,0,2,1,171,105
192.168.43.203,192.168.43.96,55391,53,17,2022-09-19 11:29:59,30545.949935913086,7300.476837939728,65.4751285913877,32.73756429569385,32.73756429569385,1,1,72,151,72.0,72.0,72.0,0.0,151.0,151.0,151.0,0.0,151,72,111.5,39.5,1560.25,8,8,8,1,0.0,0.0,0.0,0.0,0,0.0,0.0,0.0,0.0,0.0,0.0,0.0,0.0,0.0,0,0,0,0,1,0,0,0,0,0,0,1.0,111.5,0,0,0.0,0.0,0.0,0.0,0.0,0.0,0.0,0.0,0.0,0.0,0.0,0.0,0.0,0.0,72.0,151.0,0,1,1,72,151
192.168.43.203,192.168.43.96,53092,53,17,2022-09-19 11:29:59,210929.87060546875,1370.1236300502767,9.48182442941368,4.74091221470684,4.74091221470684,1,1,109,180,109.0,109.0,109.0,0.0,180.0,180.0,180.0,0.0,180,109,144.5,35.5,1260.25,8,8,8,1,0.0,0.0,0.0,0.0,0,0.0,0.0,0.0,0.0,0.0,0.0,0.0,0.0,0.0,0,0,0,0,1,0,0,0,0,0,0,1.0,144.5,0,0,0.0,0.0,0.0,0.0,0.0,0.0,0.0,0.0,0.0,0.0,0.0,0.0,0.0,0.0,109.0,180.0,0,1,1,109,180
192.168.43.203,142.250.181.3,41716,443,6,2022-09-19 11:29:59,54616.21284484863,5053.444492463233,54.92874448329601,36.619162988864005,18.309581494432003,2,1,171,105,105.0,66.0,85.5,19.5,105.0,105.0,105.0,0.0,105,66,92.0,18.384776310850235,338.0,40,20,20,1,27308.106422424316,54574.012756347656,42.20008850097656,27265.90633392334,0,0.0,0.0,0.0,0.0,0.0,0.0,0.0,0.0,0.0,0,0,0,0,1,0,0,0,0,0,0,0.5,92.0,501,267,0.0,0.0,0.0,0.0,0.0,0.0,0.0,0.0,0.0,0.0,0.0,0.0,0.0,0.0,85.5,105.0,0,2,1,171,105
192.168.43.203,216.58.208.228,43532,443,6,2022-09-19 11:29:59,55601.35841369629,4963.9074992817605,53.95551629654087,35.97034419769391,17.985172098846956,2,1,171,105,105.0,66.0,85.5,19.5,105.0,105.0,105.0,0.0,105,66,92.0,18.384776310850235,338.0,40,20,20,1,27800.679206848145,55568.695068359375,32.66334533691406,27768.01586151123,0,0.0,0.0,0.0,0.0,0.0,0.0,0.0,0.0,0.0,0,0,0,0,1,0,0,0,0,0,0,0.5,92.0,501,267,0.0,0.0,0.0,0.0,0.0,0.0,0.0,0.0,0.0,0.0,0.0,0.0,0.0,0.0,85.5,105.0,0,2,1,171,105
192.168.43.203,172.217.19.174,60112,443,6,2022-09-19 11:29:59,56709.05113220215,4866.947947278804,52.9016081225957,35.267738748397136,17.633869374198568,2,1,171,105,105.0,66.0,85.5,19.5,105.0,105.0,105.0,0.0,105,66,92.0,18.384776310850235,338.0,40,20,20,1,28354.525566101074,56698.56071472168,10.49041748046875,28344.035148620605,0,0.0,0.0,0.0,0.0,0.0,0.0,0.0,0.0,0.0,0,0,0,0,1,0,0,0,0,0,0,0.5,92.0,501,276,0.0,0.0,0.0,0.0,0.0,0.0,0.0,0.0,0.0,0.0,0.0,0.0,0.0,0.0,85.5,105.0,0,2,1,171,105
192.168.43.203,192.168.43.96,38184,53,17,2022-09-19 11:30:03,3179.0733337402344,47812.67496625169,629.1141442927853,314.55707214639267,314.55707214639267,1,1,76,76,76.0,76.0,76.0,0.0,76.0,76.0,76.0,0.0,76,76,76.0,0.0,0.0,8,8,8,1,0.0,0.0,0.0,0.0,0,0.0,0.0,0.0,0.0,0.0,0.0,0.0,0.0,0.0,0,0,0,0,1,0,0,0,0,0,0,1.0,76.0,0,0,0.0,0.0,0.0,0.0,0.0,0.0,0.0,0.0,0.0,0.0,0.0,0.0,0.0,0.0,76.0,76.0,0,1,1,76,76
192.168.43.203,192.168.43.96,39700,53,17,2022-09-19 11:30:03,286517.858505249,746.8993420390217,6.980367682607679,3.4901838413038395,3.4901838413038395,1,1,99,115,99.0,99.0,99.0,0.0,115.0,115.0,115.0,0.0,115,99,107.0,8.0,64.0,8,8,8,1,0.0,0.0,0.0,0.0,0,0.0,0.0,0.0,0.0,0.0,0.0,0.0,0.0,0.0,0,0,0,0,1,0,0,0,0,0,0,1.0,107.0,0,0,0.0,0.0,0.0,0.0,0.0,0.0,0.0,0.0,0.0,0.0,0.0,0.0,0.0,0.0,99.0,115.0,0,1,1,99,115
192.168.43.203,192.168.43.96,42272,53,17,2022-09-19 11:30:03,3720.2835083007812,53221.750320430656,537.5934375801077,268.79671879005383,268.79671879005383,1,1,99,99,99.0,99.0,99.0,0.0,99.0,99.0,99.0,0.0,99,99,99.0,0.0,0.0,8,8,8,1,0.0,0.0,0.0,0.0,0,0.0,0.0,0.0,0.0,0.0,0.0,0.0,0.0,0.0,0,0,0,0,1,0,0,0,0,0,0,1.0,99.0,0,0,0.0,0.0,0.0,0.0,0.0,0.0,0.0,0.0,0.0,0.0,0.0,0.0,0.0,0.0,99.0,99.0,0,1,1,99,99
192.168.43.203,192.168.43.96,57013,53,17,2022-09-19 11:30:06,312399.38735961914,512.1648968402608,6.40206121050326,3.20103060525163,3.20103060525163,1,1,72,88,72.0,72.0,72.0,0.0,88.0,88.0,88.0,0.0,88,72,80.0,8.0,64.0,8,8,8,1,0.0,0.0,0.0,0.0,0,0.0,0.0,0.0,0.0,0.0,0.0,0.0,0.0,0.0,0,0,0,0,1,0,0,0,0,0,0,1.0,80.0,0,0,0.0,0.0,0.0,0.0,0.0,0.0,0.0,0.0,0.0,0.0,0.0,0.0,0.0,0.0,72.0,88.0,0,1,1,72,88
192.168.43.203,192.168.43.96,42332,53,17,2022-09-19 11:30:06,72291.13578796387,1991.9454637199838,27.66590921833311,13.832954609166555,13.832954609166555,1,1,72,72,72.0,72.0,72.0,0.0,72.0,72.0,72.0,0.0,72,72,72.0,0.0,0.0,8,8,8,1,0.0,0.0,0.0,0.0,0,0.0,0.0,0.0,0.0,0.0,0.0,0.0,0.0,0.0,0,0,0,0,1,0,0,0,0,0,0,1.0,72.0,0,0,0.0,0.0,0.0,0.0,0.0,0.0,0.0,0.0,0.0,0.0,0.0,0.0,0.0,0.0,72.0,72.0,0,1,1,72,72
192.168.43.203,192.168.43.96,57102,53,17,2022-09-19 11:30:07,22821.664810180664,13495.94793201074,87.63602553253727,43.81801276626864,43.81801276626864,1,1,82,226,82.0,82.0,82.0,0.0,226.0,226.0,226.0,0.0,226,82,154.0,72.0,5184.0,8,8,8,1,0.0,0.0,0.0,0.0,0,0.0,0.0,0.0,0.0,0.0,0.0,0.0,0.0,0.0,0,0,0,0,1,0,0,0,0,0,0,1.0,154.0,0,0,0.0,0.0,0.0,0.0,0.0,0.0,0.0,0.0,0.0,0.0,0.0,0.0,0.0,0.0,82.0,226.0,0,1,1,82,226
192.168.43.203,192.168.43.96,48084,53,17,2022-09-19 11:30:07,31028.270721435547,8895.113829509306,64.45734659064713,32.22867329532357,32.22867329532357,1,1,82,194,82.0,82.0,82.0,0.0,194.0,194.0,194.0,0.0,194,82,138.0,56.0,3136.0,8,8,8,1,0.0,0.0,0.0,0.0,0,0.0,0.0,0.0,0.0,0.0,0.0,0.0,0.0,0.0,0,0,0,0,1,0,0,0,0,0,0,1.0,138.0,0,0,0.0,0.0,0.0,0.0,0.0,0.0,0.0,0.0,0.0,0.0,0.0,0.0,0.0,0.0,82.0,194.0,0,1,1,82,194
192.168.43.203,192.168.43.96,57712,53,17,2022-09-19 11:30:07,6312.370300292969,24713.379060281008,316.83819308052574,158.41909654026287,158.41909654026287,1,1,78,78,78.0,78.0,78.0,0.0,78.0,78.0,78.0,0.0,78,78,78.0,0.0,0.0,8,8,8,1,0.0,0.0,0.0,0.0,0,0.0,0.0,0.0,0.0,0.0,0.0,0.0,0.0,0.0,0,0,0,0,1,0,0,0,0,0,0,1.0,78.0,0,0,0.0,0.0,0.0,0.0,0.0,0.0,0.0,0.0,0.0,0.0,0.0,0.0,0.0,0.0,78.0,78.0,0,1,1,78,78
192.168.43.203,192.168.43.96,41180,53,17,2022-09-19 11:30:07,32918.453216552734,7229.987339755196,60.75619613239661,30.378098066198305,30.378098066198305,1,1,79,159,79.0,79.0,79.0,0.0,159.0,159.0,159.0,0.0,159,79,119.0,40.0,1600.0,8,8,8,1,0.0,0.0,0.0,0.0,0,0.0,0.0,0.0,0.0,0.0,0.0,0.0,0.0,0.0,0,0,0,0,1,0,0,0,0,0,0,1.0,119.0,0,0,0.0,0.0,0.0,0.0,0.0,0.0,0.0,0.0,0.0,0.0,0.0,0.0,0.0,0.0,79.0,159.0,0,1,1,79,159
192.168.43.203,192.168.43.96,38632,53,17,2022-09-19 11:30:07,1784.8014831542969,122142.43547956184,1120.5728025647877,560.2864012823939,560.2864012823939,1,1,109,109,109.0,109.0,109.0,0.0,109.0,109.0,109.0,0.0,109,109,109.0,0.0,0.0,8,8,8,1,0.0,0.0,0.0,0.0,0,0.0,0.0,0.0,0.0,0.0,0.0,0.0,0.0,0.0,0,0,0,0,1,0,0,0,0,0,0,1.0,109.0,0,0,0.0,0.0,0.0,0.0,0.0,0.0,0.0,0.0,0.0,0.0,0.0,0.0,0.0,0.0,109.0,109.0,0,1,1,109,109
192.168.43.203,192.168.43.96,51521,53,17,2022-09-19 11:30:07,3686.4280700683594,42317.38610787738,542.530591126633,271.2652955633165,271.2652955633165,1,1,78,78,78.0,78.0,78.0,0.0,78.0,78.0,78.0,0.0,78,78,78.0,0.0,0.0,8,8,8,1,0.0,0.0,0.0,0.0,0,0.0,0.0,0.0,0.0,0.0,0.0,0.0,0.0,0.0,0,0,0,0,1,0,0,0,0,0,0,1.0,78.0,0,0,0.0,0.0,0.0,0.0,0.0,0.0,0.0,0.0,0.0,0.0,0.0,0.0,0.0,0.0,78.0,78.0,0,1,1,78,78
192.168.43.203,192.168.43.96,49193,53,17,2022-09-19 11:30:07,2128.124237060547,74243.78579430876,939.7947568899843,469.89737844499217,469.89737844499217,1,1,79,79,79.0,79.0,79.0,0.0,79.0,79.0,79.0,0.0,79,79,79.0,0.0,0.0,8,8,8,1,0.0,0.0,0.0,0.0,0,0.0,0.0,0.0,0.0,0.0,0.0,0.0,0.0,0.0,0,0,0,0,1,0,0,0,0,0,0,1.0,79.0,0,0,0.0,0.0,0.0,0.0,0.0,0.0,0.0,0.0,0.0,0.0,0.0,0.0,0.0,0.0,79.0,79.0,0,1,1,79,79
192.168.43.203,192.168.43.96,46790,53,17,2022-09-19 11:30:07,2205.8486938476562,98828.17466493731,906.6805015131863,453.34025075659315,453.34025075659315,1,1,109,109,109.0,109.0,109.0,0.0,109.0,109.0,109.0,0.0,109,109,109.0,0.0,0.0,8,8,8,1,0.0,0.0,0.0,0.0,0,0.0,0.0,0.0,0.0,0.0,0.0,0.0,0.0,0.0,0,0,0,0,1,0,0,0,0,0,0,1.0,109.0,0,0,0.0,0.0,0.0,0.0,0.0,0.0,0.0,0.0,0.0,0.0,0.0,0.0,0.0,0.0,109.0,109.0,0,1,1,109,109
192.168.43.203,34.117.46.154,56458,443,6,2022-09-19 11:29:58,10181219.816207886,292.6957725886657,1.4733008687348943,0.785760463325277,0.6875404054096174,8,7,2192,788,1353.0,66.0,274.0,418.73320861856655,231.0,66.0,112.57142857142857,56.027689947171,1353,66,198.66666666666666,318.5342821249997,101464.0888888889,160,140,20,4,727216.192654201,9081686.019897461,-124.93133544921875,2327822.7490862696,10110864.639282227,9081686.019897461,24.7955322265625,1444409.2341831753,3135390.4488374745,10121782.302856445,9158568.143844604,0.2384185791015625,1686963.717142741,3356198.5762796146,0,0,0,0,1,0,0,0,0,0,0,0.875,198.66666666666666,501,282,9081642.866134644,59415.10200500488,2521431.1480522156,3802199.677225661,9081663.608551025,59437.51335144043,2031215.9538269043,3538824.340025421,0.0,0.0,0.0,0.0,0.0,0.0,274.0,112.57142857142857,0,8,7,2192,788
192.168.43.203,75.2.88.188,33658,443,6,2022-09-19 11:30:07,854972.6009368896,5152.21188979968,9.357024998501121,4.6785124992505605,4.6785124992505605,4,4,1476,2929,1186.0,66.0,369.0,473.18812326600084,2693.0,66.0,732.25,1132.1458331416497,2693,66,550.625,886.4638934412388,785818.234375,80,80,20,2,122136.72910417829,757356.8820953369,-15.497207641601562,260668.22655071144,854972.6009368896,851667.6425933838,17.642974853515625,284990.8669789632,400703.2141165146,772794.246673584,757356.8820953369,0.0,257598.08222452799,353439.0297184828,0,0,0,0,1,0,0,0,0,0,0,1.0,550.625,501,999,63420.53413391113,3287.3153686523438,33353.92475128174,30066.609382629395,741919.5175170898,75570.58334350586,408745.05043029785,333174.467086792,0.0,0.0,0.0,0.0,0.0,0.0,369.0,732.25,0,4,4,1476,2929
192.168.43.203,192.168.43.96,53366,53,17,2022-09-19 11:30:08,1495.5997467041016,101631.46947234178,1337.256177267655,668.6280886338275,668.6280886338275,1,1,76,76,76.0,76.0,76.0,0.0,76.0,76.0,76.0,0.0,76,76,76.0,0.0,0.0,8,8,8,1,0.0,0.0,0.0,0.0,0,0.0,0.0,0.0,0.0,0.0,0.0,0.0,0.0,0.0,0,0,0,0,1,0,0,0,0,0,0,1.0,76.0,0,0,0.0,0.0,0.0,0.0,0.0,0.0,0.0,0.0,0.0,0.0,0.0,0.0,0.0,0.0,76.0,76.0,0,1,1,76,76
192.168.43.203,192.168.43.96,55511,53,17,2022-09-19 11:30:08,1955.7476043701172,77719.64013165915,1022.6268438376204,511.3134219188102,511.3134219188102,1,1,76,76,76.0,76.0,76.0,0.0,76.0,76.0,76.0,0.0,76,76,76.0,0.0,0.0,8,8,8,1,0.0,0.0,0.0,0.0,0,0.0,0.0,0.0,0.0,0.0,0.0,0.0,0.0,0.0,0,0,0,0,1,0,0,0,0,0,0,1.0,76.0,0,0,0.0,0.0,0.0,0.0,0.0,0.0,0.0,0.0,0.0,0.0,0.0,0.0,0.0,0.0,76.0,76.0,0,1,1,76,76
192.168.43.203,192.168.43.96,60952,53,17,2022-09-19 11:30:13,2367.258071899414,64209.306878839765,844.8593010373653,422.42965051868265,422.42965051868265,1,1,76,76,76.0,76.0,76.0,0.0,76.0,76.0,76.0,0.0,76,76,76.0,0.0,0.0,8,8,8,1,0.0,0.0,0.0,0.0,0,0.0,0.0,0.0,0.0,0.0,0.0,0.0,0.0,0.0,0,0,0,0,1,0,0,0,0,0,0,1.0,76.0,0,0,0.0,0.0,0.0,0.0,0.0,0.0,0.0,0.0,0.0,0.0,0.0,0.0,0.0,0.0,76.0,76.0,0,1,1,76,76
192.168.43.203,192.168.43.96,47949,53,17,2022-09-19 11:30:13,1534.9388122558594,99026.74867971419,1302.9835352593973,651.4917676296986,651.4917676296986,1,1,76,76,76.0,76.0,76.0,0.0,76.0,76.0,76.0,0.0,76,76,76.0,0.0,0.0,8,8,8,1,0.0,0.0,0.0,0.0,0,0.0,0.0,0.0,0.0,0.0,0.0,0.0,0.0,0.0,0,0,0,0,1,0,0,0,0,0,0,1.0,76.0,0,0,0.0,0.0,0.0,0.0,0.0,0.0,0.0,0.0,0.0,0.0,0.0,0.0,0.0,0.0,76.0,76.0,0,1,1,76,76
34.237.73.95,192.168.43.203,443,39456,6,2022-09-19 11:30:13,462185.3828430176,973.6352916051515,8.654535925379124,4.327267962689562,4.327267962689562,2,2,164,286,98.0,66.0,82.0,16.0,220.0,66.0,143.0,77.0,220,66,112.5,63.425152739272136,4022.75,40,40,20,1,154061.79428100586,416131.25801086426,73.90975952148438,186256.36469056443,0,0.0,0.0,0.0,0.0,0.0,0.0,0.0,0.0,0.0,0,0,0,0,1,0,0,0,0,0,0,1.0,112.5,175,501,0.0,0.0,0.0,0.0,370151.0429382324,45906.30531311035,208028.6741256714,162122.36881256104,0.0,0.0,0.0,0.0,0.0,0.0,82.0,143.0,0,2,2,164,286
192.168.43.203,192.168.43.96,39485,53,17,2022-09-19 11:30:20,5120.992660522461,30462.843894036036,390.5492806927697,195.27464034638484,195.27464034638484,1,1,78,78,78.0,78.0,78.0,0.0,78.0,78.0,78.0,0.0,78,78,78.0,0.0,0.0,8,8,8,1,0.0,0.0,0.0,0.0,0,0.0,0.0,0.0,0.0,0.0,0.0,0.0,0.0,0.0,0,0,0,0,1,0,0,0,0,0,0,1.0,78.0,0,0,0.0,0.0,0.0,0.0,0.0,0.0,0.0,0.0,0.0,0.0,0.0,0.0,0.0,0.0,78.0,78.0,0,1,1,78,78
192.168.43.203,192.168.43.96,37248,53,17,2022-09-19 11:30:20,4144.906997680664,37636.550129421914,482.5198734541271,241.25993672706355,241.25993672706355,1,1,78,78,78.0,78.0,78.0,0.0,78.0,78.0,78.0,0.0,78,78,78.0,0.0,0.0,8,8,8,1,0.0,0.0,0.0,0.0,0,0.0,0.0,0.0,0.0,0.0,0.0,0.0,0.0,0.0,0,0,0,0,1,0,0,0,0,0,0,1.0,78.0,0,0,0.0,0.0,0.0,0.0,0.0,0.0,0.0,0.0,0.0,0.0,0.0,0.0,0.0,0.0,78.0,78.0,0,1,1,78,78
192.168.43.203,192.168.43.96,52297,53,17,2022-09-19 11:30:23,373491.0488128662,406.9709313867868,5.354880676141931,2.6774403380709657,2.6774403380709657,1,1,76,76,76.0,76.0,76.0,0.0,76.0,76.0,76.0,0.0,76,76,76.0,0.0,0.0,8,8,8,1,0.0,0.0,0.0,0.0,0,0.0,0.0,0.0,0.0,0.0,0.0,0.0,0.0,0.0,0,0,0,0,1,0,0,0,0,0,0,1.0,76.0,0,0,0.0,0.0,0.0,0.0,0.0,0.0,0.0,0.0,0.0,0.0,0.0,0.0,0.0,0.0,76.0,76.0,0,1,1,76,76
192.168.43.203,192.168.43.96,45705,53,17,2022-09-19 11:30:24,5104.303359985352,34872.535475734505,391.82624130038766,195.91312065019383,195.91312065019383,1,1,89,89,89.0,89.0,89.0,0.0,89.0,89.0,89.0,0.0,89,89,89.0,0.0,0.0,8,8,8,1,0.0,0.0,0.0,0.0,0,0.0,0.0,0.0,0.0,0.0,0.0,0.0,0.0,0.0,0,0,0,0,1,0,0,0,0,0,0,1.0,89.0,0,0,0.0,0.0,0.0,0.0,0.0,0.0,0.0,0.0,0.0,0.0,0.0,0.0,0.0,0.0,89.0,89.0,0,1,1,89,89
192.168.43.203,192.168.43.96,39878,53,17,2022-09-19 11:30:24,3111.3624572753906,57209.663754789275,642.8052107279693,321.40260536398466,321.40260536398466,1,1,89,89,89.0,89.0,89.0,0.0,89.0,89.0,89.0,0.0,89,89,89.0,0.0,0.0,8,8,8,1,0.0,0.0,0.0,0.0,0,0.0,0.0,0.0,0.0,0.0,0.0,0.0,0.0,0.0,0,0,0,0,1,0,0,0,0,0,0,1.0,89.0,0,0,0.0,0.0,0.0,0.0,0.0,0.0,0.0,0.0,0.0,0.0,0.0,0.0,0.0,0.0,89.0,89.0,0,1,1,89,89
192.168.43.203,224.0.0.251,5353,5353,17,2022-09-19 11:30:25,0.0,0,0,0,0,1,0,183,0,183.0,183.0,183.0,0.0,0.0,0.0,0.0,0.0,183,183,183.0,0.0,0.0,8,0,8,1,0.0,0.0,0.0,0.0,0,0.0,0.0,0.0,0.0,0.0,0.0,0.0,0.0,0.0,0,0,0,0,1,0,0,0,0,0,0,0.0,183.0,0,0,0.0,0.0,0.0,0.0,0.0,0.0,0.0,0.0,0.0,0.0,0.0,0.0,0.0,0.0,183.0,0.0,0,1,0,183,0
192.168.43.203,192.168.43.96,43919,53,17,2022-09-19 11:30:28,72861.1946105957,2086.1584937271355,27.449453864830726,13.724726932415363,13.724726932415363,1,1,76,76,76.0,76.0,76.0,0.0,76.0,76.0,76.0,0.0,76,76,76.0,0.0,0.0,8,8,8,1,0.0,0.0,0.0,0.0,0,0.0,0.0,0.0,0.0,0.0,0.0,0.0,0.0,0.0,0,0,0,0,1,0,0,0,0,0,0,1.0,76.0,0,0,0.0,0.0,0.0,0.0,0.0,0.0,0.0,0.0,0.0,0.0,0.0,0.0,0.0,0.0,76.0,76.0,0,1,1,76,76
192.168.43.203,192.168.43.96,48899,53,17,2022-09-19 11:30:29,56308.746337890625,3960.308380191044,35.518460808888285,17.759230404444143,17.759230404444143,1,1,72,151,72.0,72.0,72.0,0.0,151.0,151.0,151.0,0.0,151,72,111.5,39.5,1560.25,8,8,8,1,0.0,0.0,0.0,0.0,0,0.0,0.0,0.0,0.0,0.0,0.0,0.0,0.0,0.0,0,0,0,0,1,0,0,0,0,0,0,1.0,111.5,0,0,0.0,0.0,0.0,0.0,0.0,0.0,0.0,0.0,0.0,0.0,0.0,0.0,0.0,0.0,72.0,151.0,0,1,1,72,151
192.168.43.203,192.168.43.96,41565,53,17,2022-09-19 11:30:29,1657.9627990722656,131486.66551624963,1206.2996836353177,603.1498418176589,603.1498418176589,1,1,109,109,109.0,109.0,109.0,0.0,109.0,109.0,109.0,0.0,109,109,109.0,0.0,0.0,8,8,8,1,0.0,0.0,0.0,0.0,0,0.0,0.0,0.0,0.0,0.0,0.0,0.0,0.0,0.0,0,0,0,0,1,0,0,0,0,0,0,1.0,109.0,0,0,0.0,0.0,0.0,0.0,0.0,0.0,0.0,0.0,0.0,0.0,0.0,0.0,0.0,0.0,109.0,109.0,0,1,1,109,109
192.168.43.203,192.168.43.96,35551,53,17,2022-09-19 11:30:31,367055.17768859863,577.5698393222395,5.448772069077732,2.724386034538866,2.724386034538866,1,1,82,130,82.0,82.0,82.0,0.0,130.0,130.0,130.0,0.0,130,82,106.0,24.0,576.0,8,8,8,1,0.0,0.0,0.0,0.0,0,0.0,0.0,0.0,0.0,0.0,0.0,0.0,0.0,0.0,0,0,0,0,1,0,0,0,0,0,0,1.0,106.0,0,0,0.0,0.0,0.0,0.0,0.0,0.0,0.0,0.0,0.0,0.0,0.0,0.0,0.0,0.0,82.0,130.0,0,1,1,82,130
192.168.43.203,192.168.43.96,37773,53,17,2022-09-19 11:30:33,4088.878631591797,37174.006297376094,489.1316618075802,244.5658309037901,244.5658309037901,1,1,76,76,76.0,76.0,76.0,0.0,76.0,76.0,76.0,0.0,76,76,76.0,0.0,0.0,8,8,8,1,0.0,0.0,0.0,0.0,0,0.0,0.0,0.0,0.0,0.0,0.0,0.0,0.0,0.0,0,0,0,0,1,0,0,0,0,0,0,1.0,76.0,0,0,0.0,0.0,0.0,0.0,0.0,0.0,0.0,0.0,0.0,0.0,0.0,0.0,0.0,0.0,76.0,76.0,0,1,1,76,76
192.168.43.203,192.168.43.96,35007,53,17,2022-09-19 11:30:34,2560.853958129883,60917.17940601434,780.9894795642864,390.4947397821432,390.4947397821432,1,1,78,78,78.0,78.0,78.0,0.0,78.0,78.0,78.0,0.0,78,78,78.0,0.0,0.0,8,8,8,1,0.0,0.0,0.0,0.0,0,0.0,0.0,0.0,0.0,0.0,0.0,0.0,0.0,0.0,0,0,0,0,1,0,0,0,0,0,0,1.0,78.0,0,0,0.0,0.0,0.0,0.0,0.0,0.0,0.0,0.0,0.0,0.0,0.0,0.0,0.0,0.0,78.0,78.0,0,1,1,78,78
192.168.43.203,192.168.43.96,40066,53,17,2022-09-19 11:30:34,1868.7248229980469,83479.38555754018,1070.2485327889767,535.1242663944884,535.1242663944884,1,1,78,78,78.0,78.0,78.0,0.0,78.0,78.0,78.0,0.0,78,78,78.0,0.0,0.0,8,8,8,1,0.0,0.0,0.0,0.0,0,0.0,0.0,0.0,0.0,0.0,0.0,0.0,0.0,0.0,0,0,0,0,1,0,0,0,0,0,0,1.0,78.0,0,0,0.0,0.0,0.0,0.0,0.0,0.0,0.0,0.0,0.0,0.0,0.0,0.0,0.0,0.0,78.0,78.0,0,1,1,78,78
192.168.43.203,192.168.43.96,55191,53,17,2022-09-19 11:30:35,3081.3217163085938,47382.26431445373,649.0721138966264,324.5360569483132,324.5360569483132,1,1,73,73,73.0,73.0,73.0,0.0,73.0,73.0,73.0,0.0,73,73,73.0,0.0,0.0,8,8,8,1,0.0,0.0,0.0,0.0,0,0.0,0.0,0.0,0.0,0.0,0.0,0.0,0.0,0.0,0,0,0,0,1,0,0,0,0,0,0,1.0,73.0,0,0,0.0,0.0,0.0,0.0,0.0,0.0,0.0,0.0,0.0,0.0,0.0,0.0,0.0,0.0,73.0,73.0,0,1,1,73,73
192.168.43.203,35.241.24.90,50216,443,6,2022-09-19 11:30:35,62243.22319030762,4434.2176682614045,48.19801813327613,32.13201208885076,16.06600604442538,2,1,171,105,105.0,66.0,85.5,19.5,105.0,105.0,105.0,0.0,105,66,92.0,18.384776310850235,338.0,40,20,20,1,31121.61159515381,62177.89649963379,65.32669067382812,31056.28490447998,0,0.0,0.0,0.0,0.0,0.0,0.0,0.0,0.0,0.0,0,0,0,0,1,0,0,0,0,0,0,0.5,92.0,501,276,0.0,0.0,0.0,0.0,0.0,0.0,0.0,0.0,0.0,0.0,0.0,0.0,0.0,0.0,85.5,105.0,0,2,1,171,105
192.168.43.203,34.107.204.85,55064,443,17,2022-09-19 11:30:35,325102.3292541504,16201.052794926289,24.607636673516293,9.22786375256861,15.379772920947683,3,5,1715,3552,1399.0,73.0,571.6666666666666,589.1153442993052,1399.0,70.0,710.4,585.4808621979031,1399,70,658.375,590.6773521771424,348899.734375,24,40,8,3,46443.18989345006,135315.1798248291,701.1890411376953,49150.87347683551,308306.2171936035,227936.0294342041,80370.18775939941,154153.10859680176,73782.92083740234,189787.1494293213,90481.75811767578,7806.7779541015625,47446.78735733032,35445.216790829356,0,0,0,0,1,0,0,0,0,0,0,1.6666666666666667,658.375,0,0,133176.08833312988,71161.03172302246,102168.56002807617,31007.52830505371,135315.1798248291,16094.92301940918,73711.07737223308,48753.08677900936,0.0,0.0,0.0,0.0,0.0,0.0,571.6666666666666,710.4,0,3,5,1715,3552
192.168.43.203,34.107.204.85,57170,443,6,2022-09-19 11:30:34,1705354.6905517578,1329.34222573166,8.795824166729114,4.691106222255527,4.104717944473586,8,7,1556,711,1016.0,66.0,194.5,310.9348806422335,139.0,66.0,101.57142857142857,26.628969954099365,1016,66,151.13333333333333,232.47189555346736,54043.18222222224,160,140,20,3,121711.71392713275,954759.8361968994,-540.9717559814453,255002.41613919198,1502900.6004333496,954759.8361968994,34.09385681152344,214700.0857761928,342882.17392445996,1638112.7834320068,1042485.7139587402,0.2384185791015625,273018.7972386678,372906.0816488757,0,0,0,0,1,0,0,0,0,0,0,0.875,151.13333333333333,501,285,867157.4592590332,67118.40629577637,441334.0886433919,328646.8587839775,954636.3353729248,67241.90711975098,381614.089012146,341281.21471179236,0.0,0.0,210.0,4.0,0.0,146800640.0,194.5,101.57142857142857,0,8,7,1556,711
192.168.43.203,192.168.43.96,54957,53,17,2022-09-19 11:30:38,70006.8473815918,2171.2161836324626,28.56863399516398,14.28431699758199,14.28431699758199,1,1,76,76,76.0,76.0,76.0,0.0,76.0,76.0,76.0,0.0,76,76,76.0,0.0,0.0,8,8,8,1,0.0,0.0,0.0,0.0,0,0.0,0.0,0.0,0.0,0.0,0.0,0.0,0.0,0.0,0,0,0,0,1,0,0,0,0,0,0,1.0,76.0,0,0,0.0,0.0,0.0,0.0,0.0,0.0,0.0,0.0,0.0,0.0,0.0,0.0,0.0,0.0,76.0,76.0,0,1,1,76,76
192.168.43.203,192.168.43.96,38732,53,17,2022-09-19 11:30:44,92908.85925292969,2400.2016792921518,21.5264724600193,10.76323623000965,10.76323623000965,1,1,72,151,72.0,72.0,72.0,0.0,151.0,151.0,151.0,0.0,151,72,111.5,39.5,1560.25,8,8,8,1,0.0,0.0,0.0,0.0,0,0.0,0.0,0.0,0.0,0.0,0.0,0.0,0.0,0.0,0,0,0,0,1,0,0,0,0,0,0,1.0,111.5,0,0,0.0,0.0,0.0,0.0,0.0,0.0,0.0,0.0,0.0,0.0,0.0,0.0,0.0,0.0,72.0,151.0,0,1,1,72,151
192.168.43.203,192.168.43.96,46378,53,17,2022-09-19 11:30:44,110589.98107910156,2513.7901036546455,18.084820889601765,9.042410444800883,9.042410444800883,1,1,72,206,72.0,72.0,72.0,0.0,206.0,206.0,206.0,0.0,206,72,139.0,67.0,4489.0,8,8,8,1,0.0,0.0,0.0,0.0,0,0.0,0.0,0.0,0.0,0.0,0.0,0.0,0.0,0.0,0,0,0,0,1,0,0,0,0,0,0,1.0,139.0,0,0,0.0,0.0,0.0,0.0,0.0,0.0,0.0,0.0,0.0,0.0,0.0,0.0,0.0,0.0,72.0,206.0,0,1,1,72,206
192.168.43.203,192.168.43.96,50059,53,17,2022-09-19 11:30:44,2680.7785034179688,81319.66133048738,746.0519388118107,373.02596940590536,373.02596940590536,1,1,109,109,109.0,109.0,109.0,0.0,109.0,109.0,109.0,0.0,109,109,109.0,0.0,0.0,8,8,8,1,0.0,0.0,0.0,0.0,0,0.0,0.0,0.0,0.0,0.0,0.0,0.0,0.0,0.0,0,0,0,0,1,0,0,0,0,0,0,1.0,109.0,0,0,0.0,0.0,0.0,0.0,0.0,0.0,0.0,0.0,0.0,0.0,0.0,0.0,0.0,0.0,109.0,109.0,0,1,1,109,109
192.168.43.203,192.168.43.96,32940,53,17,2022-09-19 11:30:44,53340.67344665527,5174.287877636584,37.494839693018726,18.747419846509363,18.747419846509363,1,1,74,202,74.0,74.0,74.0,0.0,202.0,202.0,202.0,0.0,202,74,138.0,64.0,4096.0,8,8,8,1,0.0,0.0,0.0,0.0,0,0.0,0.0,0.0,0.0,0.0,0.0,0.0,0.0,0.0,0,0,0,0,1,0,0,0,0,0,0,1.0,138.0,0,0,0.0,0.0,0.0,0.0,0.0,0.0,0.0,0.0,0.0,0.0,0.0,0.0,0.0,0.0,74.0,202.0,0,1,1,74,202
192.168.43.203,192.168.43.96,42326,53,17,2022-09-19 11:30:44,42138.33808898926,5505.675129143775,47.462716630549785,23.731358315274893,23.731358315274893,1,1,74,158,74.0,74.0,74.0,0.0,158.0,158.0,158.0,0.0,158,74,116.0,42.0,1764.0,8,8,8,1,0.0,0.0,0.0,0.0,0,0.0,0.0,0.0,0.0,0.0,0.0,0.0,0.0,0.0,0,0,0,0,1,0,0,0,0,0,0,1.0,116.0,0,0,0.0,0.0,0.0,0.0,0.0,0.0,0.0,0.0,0.0,0.0,0.0,0.0,0.0,0.0,74.0,158.0,0,1,1,74,158
192.168.43.203,192.168.43.96,54661,53,17,2022-09-19 11:30:47,2314.329147338867,67406.1423714845,864.1813124549294,432.0906562274647,432.0906562274647,1,1,78,78,78.0,78.0,78.0,0.0,78.0,78.0,78.0,0.0,78,78,78.0,0.0,0.0,8,8,8,1,0.0,0.0,0.0,0.0,0,0.0,0.0,0.0,0.0,0.0,0.0,0.0,0.0,0.0,0,0,0,0,1,0,0,0,0,0,0,1.0,78.0,0,0,0.0,0.0,0.0,0.0,0.0,0.0,0.0,0.0,0.0,0.0,0.0,0.0,0.0,0.0,78.0,78.0,0,1,1,78,78
192.168.43.203,192.168.43.96,34980,53,17,2022-09-19 11:30:47,3422.7371215820312,45577.55809417665,584.3276678740597,292.16383393702984,292.16383393702984,1,1,78,78,78.0,78.0,78.0,0.0,78.0,78.0,78.0,0.0,78,78,78.0,0.0,0.0,8,8,8,1,0.0,0.0,0.0,0.0,0,0.0,0.0,0.0,0.0,0.0,0.0,0.0,0.0,0.0,0,0,0,0,1,0,0,0,0,0,0,1.0,78.0,0,0,0.0,0.0,0.0,0.0,0.0,0.0,0.0,0.0,0.0,0.0,0.0,0.0,0.0,0.0,78.0,78.0,0,1,1,78,78
192.168.43.203,35.186.194.58,38120,443,17,2022-09-19 11:29:53,94908746.95777893,653.459264693377,1.6331476809924932,0.937742861989238,0.6954048190032551,89,66,52615,9404,1399.0,73.0,591.1797752808989,599.9010135912547,1399.0,70.0,142.4848484848485,232.1633595725375,1399,70,400.1225806451613,528.0302207319611,278815.9140062435,712,528,8,89,616290.5646609021,14492804.288864136,0.0,2075770.258145114,94908746.95777893,14492804.288864136,34.09385681152344,1078508.4881565787,2676027.385236434,85381782.53173828,14633404.25491333,0.0,1313565.8851036658,2907013.8568691113,0,0,0,0,1,0,0,0,0,0,0,0.7415730337078652,400.1225806451613,0,0,14492764.234542847,3699.064254760742,1736802.9952049255,3188716.9206574815,14492300.748825073,5849.8382568359375,1220567.1166118823,2805779.5267552864,9746.5,8.0,142.0,5.0,59401.02286544609,1880.396568762096,591.1797752808989,142.4848484848485,0,89,66,52615,9404
192.168.43.203,192.168.43.96,49868,53,17,2022-09-19 11:30:48,5201.816558837891,29220.56137134476,384.48107067558897,192.24053533779448,192.24053533779448,1,1,76,76,76.0,76.0,76.0,0.0,76.0,76.0,76.0,0.0,76,76,76.0,0.0,0.0,8,8,8,1,0.0,0.0,0.0,0.0,0,0.0,0.0,0.0,0.0,0.0,0.0,0.0,0.0,0.0,0,0,0,0,1,0,0,0,0,0,0,1.0,76.0,0,0,0.0,0.0,0.0,0.0,0.0,0.0,0.0,0.0,0.0,0.0,0.0,0.0,0.0,0.0,76.0,76.0,0,1,1,76,76
192.168.43.203,35.186.228.49,55868,443,6,2022-09-19 11:30:02,98310264.58740234,119.19406431443544,1.1799378273147731,0.5899689136573866,0.5899689136573866,58,58,6063,5655,138.0,66.0,104.53448275862068,31.64033627989556,149.0,66.0,97.5,36.885306858815284,149,66,101.01724137931035,34.542573122268315,1193.1893579072532,1160,1160,20,37,854870.6738845162,13083059.310913086,-61.98883056640625,3077130.1248053093,98310264.58740234,13145827.531814575,8.106231689453125,1724741.4839895149,4218609.346538781,98106654.88243103,13157345.056533813,0.0,1721169.3839022988,4236983.51991469,0,0,0,0,1,0,0,0,0,0,0,1.0,101.01724137931035,501,272,13081407.070159912,16046.04721069336,3199106.6455841064,5356509.226809548,13040877.342224121,6451.845169067383,2187497.090209614,4650341.2848105235,0.0,0.0,0.0,0.0,0.0,0.0,104.53448275862068,97.5,0,58,58,6063,5655
192.168.43.203,35.186.228.49,55854,443,6,2022-09-19 11:30:06,93977910.9954834,915.6087753869676,2.9900643355809957,1.4152261801860229,1.5748381553949726,133,148,41281,44766,1442.0,66.0,310.38345864661653,383.04809807734244,1442.0,66.0,302.47297297297297,451.4719386979682,1442,66,306.2170818505338,420.49497929055735,176816.02760856628,2660,2960,20,82,335623.68835721695,13041050.19569397,-291.3475036621094,1996144.7797988742,93977910.9954834,13115940.570831299,3.814697265625,711953.8711779045,2877450.007009642,80868796.34857178,13104874.849319458,0.0,550127.8663168148,2535246.791290094,0,0,0,0,1,0,0,0,0,0,0,1.112781954887218,306.2170818505338,501,1045,13007326.364517212,364.3035888671875,1666282.5445334117,4192748.448360132,12966159.82055664,5461.454391479492,1550364.7287686665,4063503.7756421696,3559.4444444444443,7.777777777777778,2692.153846153846,5.846153846153846,43624.8894528144,72358.93275390552,310.38345864661653,302.47297297297297,0,133,148,41281,44766
192.168.43.203,34.120.195.249,38768,443,6,2022-09-19 11:30:51,160362.48207092285,2450.697912159962,31.179362750126746,18.707617650076045,12.471745100050699,3,2,261,132,105.0,66.0,87.0,16.06237840420901,66.0,66.0,66.0,0.0,105,66,78.6,16.144348856488453,260.64,60,40,20,2,40090.62051773071,159743.7858581543,0.2384185791015625,69082.15084677051,160362.48207092285,159791.2311553955,571.2509155273438,80181.24103546143,79609.99011993408,0.0,0.0,0.0,0.0,0.0,0,0,0,0,1,0,0,0,0,0,0,0.6666666666666666,78.6,501,267,0.0,0.0,0.0,0.0,0.0,0.0,0.0,0.0,0.0,0.0,0.0,0.0,0.0,0.0,87.0,66.0,0,3,2,261,132
192.168.43.203,35.186.194.58,47948,443,6,2022-09-19 11:30:52,92948.67515563965,3679.449969860589,43.03450257146888,21.51725128573444,21.51725128573444,2,2,171,171,105.0,66.0,85.5,19.5,105.0,66.0,85.5,19.5,105,66,85.5,19.5,380.25,40,40,20,1,30982.89171854655,92619.41909790039,27.894973754882812,43583.74946749257,0,0.0,0.0,0.0,0.0,0.0,0.0,0.0,0.0,0.0,0,0,0,0,1,0,0,0,0,0,0,1.0,85.5,501,276,0.0,0.0,0.0,0.0,0.0,0.0,0.0,0.0,0.0,0.0,0.0,0.0,0.0,0.0,85.5,85.5,0,2,2,171,171
192.168.43.203,142.250.181.3,41716,443,6,2022-09-19 11:30:52,87682.24716186523,6740.2469613830535,91.23853754833236,45.61926877416618,45.61926877416618,4,4,327,264,105.0,66.0,81.75,16.618889854620253,66.0,66.0,66.0,0.0,105,66,73.875,14.146002085395011,200.109375,80,80,20,2,12526.03530883789,85522.65167236328,0.0,29804.226940878765,86861.84883117676,85600.37612915039,15.974044799804688,28953.949610392254,40058.21730683098,898.1227874755859,897.8843688964844,0.0,299.374262491862,423.21056604028604,0,0,0,0,1,0,0,0,0,0,0,1.0,73.875,501,267,0.0,0.0,0.0,0.0,0.0,0.0,0.0,0.0,0.0,0.0,0.0,0.0,0.0,0.0,81.75,66.0,0,4,4,327,264
192.168.43.203,216.58.208.228,43532,443,6,2022-09-19 11:30:52,87647.1996307373,4483.885413974795,57.04688821850883,34.2281329311053,22.818755287403533,3,2,261,132,105.0,66.0,87.0,16.06237840420901,66.0,66.0,66.0,0.0,105,66,78.6,16.144348856488453,260.64,60,40,20,2,21911.799907684326,87275.26664733887,0.2384185791015625,37737.77174262298,87647.1996307373,87351.08375549316,296.1158752441406,43823.59981536865,43527.48394012451,0.0,0.0,0.0,0.0,0.0,0,0,0,0,1,0,0,0,0,0,0,0.6666666666666666,78.6,501,267,0.0,0.0,0.0,0.0,0.0,0.0,0.0,0.0,0.0,0.0,0.0,0.0,0.0,0.0,87.0,66.0,0,3,2,261,132
192.168.43.203,172.217.19.174,60112,443,6,2022-09-19 11:30:52,87572.81303405762,5241.352699512941,68.51441437271819,45.67627624847879,22.838138124239396,4,2,327,132,105.0,66.0,81.75,16.618889854620253,66.0,66.0,66.0,0.0,105,66,76.5,15.46770829825802,239.25,80,40,20,2,17514.562606811523,85801.36299133301,19.788742065429688,34145.39065496094,87572.81303405762,86743.59321594238,19.788742065429688,29190.937678019207,40697.149804820765,0.0,0.0,0.0,0.0,0.0,0,0,0,0,1,0,0,0,0,0,0,0.5,76.5,501,276,0.0,0.0,0.0,0.0,0.0,0.0,0.0,0.0,0.0,0.0,0.0,0.0,0.0,0.0,81.75,66.0,0,4,2,327,132
192.168.43.203,192.168.43.96,33492,53,17,2022-09-19 11:30:53,5392.789840698242,28185.782218488883,370.86555550643266,185.43277775321633,185.43277775321633,1,1,76,76,76.0,76.0,76.0,0.0,76.0,76.0,76.0,0.0,76,76,76.0,0.0,0.0,8,8,8,1,0.0,0.0,0.0,0.0,0,0.0,0.0,0.0,0.0,0.0,0.0,0.0,0.0,0.0,0,0,0,0,1,0,0,0,0,0,0,1.0,76.0,0,0,0.0,0.0,0.0,0.0,0.0,0.0,0.0,0.0,0.0,0.0,0.0,0.0,0.0,0.0,76.0,76.0,0,1,1,76,76
192.168.43.203,192.168.43.96,36832,53,17,2022-09-19 11:30:58,61263.322830200195,3819.5773456259217,32.64596021902497,16.322980109512486,16.322980109512486,1,1,109,125,109.0,109.0,109.0,0.0,125.0,125.0,125.0,0.0,125,109,117.0,8.0,64.0,8,8,8,1,0.0,0.0,0.0,0.0,0,0.0,0.0,0.0,0.0,0.0,0.0,0.0,0.0,0.0,0,0,0,0,1,0,0,0,0,0,0,1.0,117.0,0,0,0.0,0.0,0.0,0.0,0.0,0.0,0.0,0.0,0.0,0.0,0.0,0.0,0.0,0.0,109.0,125.0,0,1,1,109,125
192.168.43.203,192.168.43.96,54863,53,17,2022-09-19 11:30:58,2306.222915649414,94526.85537061925,867.2188566111857,433.60942830559287,433.60942830559287,1,1,109,109,109.0,109.0,109.0,0.0,109.0,109.0,109.0,0.0,109,109,109.0,0.0,0.0,8,8,8,1,0.0,0.0,0.0,0.0,0,0.0,0.0,0.0,0.0,0.0,0.0,0.0,0.0,0.0,0,0,0,0,1,0,0,0,0,0,0,1.0,109.0,0,0,0.0,0.0,0.0,0.0,0.0,0.0,0.0,0.0,0.0,0.0,0.0,0.0,0.0,0.0,109.0,109.0,0,1,1,109,109
34.237.73.95,192.168.43.203,443,39456,6,2022-09-19 11:30:58,252415.89546203613,3474.4246133734578,15.846862546743251,7.923431273371626,7.923431273371626,2,2,457,420,391.0,66.0,228.5,162.5,354.0,66.0,210.0,144.0,391,66,219.25,153.80730639342204,23656.6875,40,40,20,1,84138.63182067871,252311.22970581055,36.95487976074219,118915.98503722006,0,0.0,0.0,0.0,0.0,0.0,0.0,0.0,0.0,0.0,0,0,0,0,1,0,0,0,0,0,0,1.0,219.25,181,499,0.0,0.0,0.0,0.0,0.0,0.0,0.0,0.0,0.0,0.0,0.0,0.0,0.0,0.0,228.5,210.0,0,2,2,457,420
192.168.43.203,40.76.174.66,38616,443,6,2022-09-19 11:29:59,102640275.47836304,248.05077618256263,0.7794211349020035,0.45790991675492704,0.32151121814707645,47,33,22451,3009,1442.0,54.0,477.6808510638298,576.5273556050726,173.0,54.0,91.18181818181819,33.71669359526888,1442,54,318.25,481.60781503210677,231946.0875,940,660,20,27,1299234.5864259745,22103729.009628296,-141.38221740722656,4206077.0173353795,102640275.47836304,22103729.009628296,4.5299530029296875,2231310.336486153,5320059.851023678,88227515.69747925,22402789.59274292,0.0,2757109.8655462265,5978538.508835723,0,0,0,0,1,0,0,0,0,0,0,0.7021276595744681,318.25,501,2049,22103675.603866577,3435.1348876953125,5529421.254992485,7254261.799202652,22103663.682937622,7445.812225341797,6035141.762565164,7323369.6706700735,11572.0,11.0,394.0,7.0,41471.30923311827,1474.9207461017443,477.6808510638298,91.18181818181819,0,47,33,22451,3009
192.168.43.203,172.217.19.16,41798,443,17,2022-09-19 11:30:07,94367364.88342285,16714.104520651632,16.806657703744005,4.779194592930987,12.027463110813017,451,1135,39156,1538110,1399.0,71.0,86.82039911308205,90.47688943477183,1399.0,70.0,1355.1629955947137,205.71991747434657,1399,70,994.4930643127365,599.9869115973181,359984.294088088,3608,9080,8,451,59537.758210480024,13003545.045852661,-6.198883056640625,834255.7096519483,94364721.53663635,13004395.246505737,58.88938903808594,209699.38119252524,1555688.750948507,94244167.32788086,13078893.661499023,0.0,83107.73132970094,993931.2446101233,0,0,0,0,1,0,0,0,0,0,0,2.516629711751663,994.4930643127365,0,0,12982533.45489502,58.88938903808594,955074.6480623881,3255331.405885783,13002898.454666138,5212.545394897461,848977.2787800542,3087574.751949145,0.0,0.0,8789.528301886792,6.622641509433962,0.0,2013889.3094072416,86.82039911308205,1355.1629955947137,0,451,1135,39156,1538110
192.168.43.203,34.117.46.154,52815,443,17,2022-09-19 11:30:07,94051997.18475342,214.4771041956145,0.723004317137705,0.3721345749973482,0.3508697421403568,35,33,14088,6084,1399.0,73.0,402.51428571428573,544.4407548211321,1399.0,70.0,184.36363636363637,319.92970991101555,1399,70,296.6470588235294,462.7378804688041,214126.34602076127,280,264,8,35,1403761.152011245,13062015.056610107,0.0,3746541.899909297,94051997.18475342,13151859.998703003,34.809112548828125,2766235.211316277,4938318.353600219,93911309.95750427,13224346.160888672,0.0,2934728.4361720085,5049197.862169311,0,0,0,0,1,0,0,0,0,0,0,0.9428571428571428,296.6470588235294,0,0,13061005.353927612,66500.66375732422,4421066.386359079,5613992.933238076,13032234.907150269,18429.994583129883,2581379.4334729514,4760396.46039878,0.0,0.0,0.0,0.0,0.0,0.0,402.51428571428573,184.36363636363637,0,35,33,14088,6084
192.168.43.203,192.168.43.96,58993,53,17,2022-09-19 11:31:00,2125.7400512695312,73386.2072678331,940.8488111260655,470.42440556303274,470.42440556303274,1,1,78,78,78.0,78.0,78.0,0.0,78.0,78.0,78.0,0.0,78,78,78.0,0.0,0.0,8,8,8,1,0.0,0.0,0.0,0.0,0,0.0,0.0,0.0,0.0,0.0,0.0,0.0,0.0,0.0,0,0,0,0,1,0,0,0,0,0,0,1.0,78.0,0,0,0.0,0.0,0.0,0.0,0.0,0.0,0.0,0.0,0.0,0.0,0.0,0.0,0.0,0.0,78.0,78.0,0,1,1,78,78
192.168.43.203,192.168.43.96,44316,53,17,2022-09-19 11:31:00,2294.778823852539,67980.4076883117,871.5436883116884,435.7718441558442,435.7718441558442,1,1,78,78,78.0,78.0,78.0,0.0,78.0,78.0,78.0,0.0,78,78,78.0,0.0,0.0,8,8,8,1,0.0,0.0,0.0,0.0,0,0.0,0.0,0.0,0.0,0.0,0.0,0.0,0.0,0.0,0,0,0,0,1,0,0,0,0,0,0,1.0,78.0,0,0,0.0,0.0,0.0,0.0,0.0,0.0,0.0,0.0,0.0,0.0,0.0,0.0,0.0,0.0,78.0,78.0,0,1,1,78,78
192.168.43.203,44.239.126.203,38134,443,6,2022-09-19 11:30:12,92970756.05392456,45.29381257863011,0.34419425374404267,0.18285319730152266,0.16134105644252,17,15,2435,1776,387.0,66.0,143.23529411764707,103.43143759871572,254.0,66.0,118.4,69.77372953578828,387,66,131.59375,90.10544495721388,8118.9912109375,340,300,20,9,2999045.3027909803,31245566.12968445,-144.48165893554688,8792590.381880151,92970756.05392456,31604475.259780884,10.728836059570312,5810672.253370285,11612910.711790735,92204919.81506348,31636394.023895264,0.0,6586065.701075963,12557535.247336753,0,0,0,0,1,0,0,0,0,0,0,0.8823529411764706,131.59375,501,283,31245511.770248413,390669.1074371338,15255735.715230307,14595833.295628125,30886656.999588013,358877.42042541504,11516551.524400711,14105482.245417418,0.0,0.0,0.0,0.0,0.0,0.0,143.23529411764707,118.4,0,17,15,2435,1776
192.168.43.203,192.168.43.96,59247,53,17,2022-09-19 11:31:03,5109.548568725586,29748.224907843778,391.4240119453129,195.71200597265644,195.71200597265644,1,1,76,76,76.0,76.0,76.0,0.0,76.0,76.0,76.0,0.0,76,76,76.0,0.0,0.0,8,8,8,1,0.0,0.0,0.0,0.0,0,0.0,0.0,0.0,0.0,0.0,0.0,0.0,0.0,0.0,0,0,0,0,1,0,0,0,0,0,0,1.0,76.0,0,0,0.0,0.0,0.0,0.0,0.0,0.0,0.0,0.0,0.0,0.0,0.0,0.0,0.0,0.0,76.0,76.0,0,1,1,76,76
192.168.43.203,34.117.46.154,56458,443,6,2022-09-19 11:31:06,258356.57119750977,1323.75189225803,15.482478272023743,7.741239136011871,7.741239136011871,2,2,171,171,105.0,66.0,85.5,19.5,105.0,66.0,85.5,19.5,105,66,85.5,19.5,380.25,40,40,20,1,86118.8570658366,217391.0140991211,0.2384185791015625,94317.96880528031,0,0.0,0.0,0.0,0.0,0.0,0.0,0.0,0.0,0.0,0,0,0,0,1,0,0,0,0,0,0,1.0,85.5,501,282,0.0,0.0,0.0,0.0,217391.0140991211,40965.08026123047,129178.04718017578,88212.96691894531,0.0,0.0,0.0,0.0,0.0,0.0,85.5,85.5,0,2,2,171,171
192.168.43.203,34.122.121.32,50266,80,6,2022-09-19 11:31:10,2920836.4486694336,390.98389111113363,4.108412165791246,2.396573763378227,1.7118384024130193,7,5,656,486,153.0,66.0,93.71428571428571,37.73862850757368,214.0,66.0,97.2,58.48213402399061,214,66,95.16666666666667,47.5268929718276,2258.8055555555557,140,100,20,2,265524.25731312146,1546203.374862671,-69.61822509765625,458687.02091818175,2613032.817840576,1546203.374862671,77.48603820800781,435505.469640096,556383.5751651428,2253570.079803467,1945432.424545288,0.2384185791015625,563392.5199508667,807776.4489820435,0,0,0,0,1,0,0,0,0,0,0,0.7142857142857143,95.16666666666667,64240,508,1546017.1699523926,667093.03855896,1106555.1042556763,439462.0656967163,1546030.044555664,307617.4259185791,840304.6131134033,520175.0532138626,0.0,0.0,0.0,0.0,0.0,0.0,93.71428571428571,97.2,0,7,5,656,486
192.168.43.203,192.168.43.96,46746,53,17,2022-09-19 11:31:12,45547.7237701416,5137.468585277506,43.90998790835475,21.954993954177375,21.954993954177375,1,1,109,125,109.0,109.0,109.0,0.0,125.0,125.0,125.0,0.0,125,109,117.0,8.0,64.0,8,8,8,1,0.0,0.0,0.0,0.0,0,0.0,0.0,0.0,0.0,0.0,0.0,0.0,0.0,0.0,0,0,0,0,1,0,0,0,0,0,0,1.0,117.0,0,0,0.0,0.0,0.0,0.0,0.0,0.0,0.0,0.0,0.0,0.0,0.0,0.0,0.0,0.0,109.0,125.0,0,1,1,109,125
192.168.43.203,192.168.43.96,54928,53,17,2022-09-19 11:31:12,4169.464111328125,52284.89661482159,479.6779505946935,239.83897529734676,239.83897529734676,1,1,109,109,109.0,109.0,109.0,0.0,109.0,109.0,109.0,0.0,109,109,109.0,0.0,0.0,8,8,8,1,0.0,0.0,0.0,0.0,0,0.0,0.0,0.0,0.0,0.0,0.0,0.0,0.0,0.0,0,0,0,0,1,0,0,0,0,0,0,1.0,109.0,0,0,0.0,0.0,0.0,0.0,0.0,0.0,0.0,0.0,0.0,0.0,0.0,0.0,0.0,0.0,109.0,109.0,0,1,1,109,109
192.168.43.203,192.168.43.96,43191,53,17,2022-09-19 11:31:13,4997.968673706055,28811.705194867147,400.1625721509326,200.0812860754663,200.0812860754663,1,1,72,72,72.0,72.0,72.0,0.0,72.0,72.0,72.0,0.0,72,72,72.0,0.0,0.0,8,8,8,1,0.0,0.0,0.0,0.0,0,0.0,0.0,0.0,0.0,0.0,0.0,0.0,0.0,0.0,0,0,0,0,1,0,0,0,0,0,0,1.0,72.0,0,0,0.0,0.0,0.0,0.0,0.0,0.0,0.0,0.0,0.0,0.0,0.0,0.0,0.0,0.0,72.0,72.0,0,1,1,72,72
192.168.43.203,192.168.43.96,46703,53,17,2022-09-19 11:31:14,5419.015884399414,28787.51480487483,369.0707026266004,184.5353513133002,184.5353513133002,1,1,78,78,78.0,78.0,78.0,0.0,78.0,78.0,78.0,0.0,78,78,78.0,0.0,0.0,8,8,8,1,0.0,0.0,0.0,0.0,0,0.0,0.0,0.0,0.0,0.0,0.0,0.0,0.0,0.0,0,0,0,0,1,0,0,0,0,0,0,1.0,78.0,0,0,0.0,0.0,0.0,0.0,0.0,0.0,0.0,0.0,0.0,0.0,0.0,0.0,0.0,0.0,78.0,78.0,0,1,1,78,78
192.168.43.203,192.168.43.96,44110,53,17,2022-09-19 11:31:14,50682.06787109375,3748.8604546138795,39.461688995935575,19.730844497967787,19.730844497967787,1,1,79,111,79.0,79.0,79.0,0.0,111.0,111.0,111.0,0.0,111,79,95.0,16.0,256.0,8,8,8,1,0.0,0.0,0.0,0.0,0,0.0,0.0,0.0,0.0,0.0,0.0,0.0,0.0,0.0,0,0,0,0,1,0,0,0,0,0,0,1.0,95.0,0,0,0.0,0.0,0.0,0.0,0.0,0.0,0.0,0.0,0.0,0.0,0.0,0.0,0.0,0.0,79.0,111.0,0,1,1,79,111
192.168.43.203,192.168.43.96,43341,53,17,2022-09-19 11:31:14,56317.806243896484,4226.0168829959275,35.51274691593216,17.75637345796608,17.75637345796608,1,1,79,159,79.0,79.0,79.0,0.0,159.0,159.0,159.0,0.0,159,79,119.0,40.0,1600.0,8,8,8,1,0.0,0.0,0.0,0.0,0,0.0,0.0,0.0,0.0,0.0,0.0,0.0,0.0,0.0,0,0,0,0,1,0,0,0,0,0,0,1.0,119.0,0,0,0.0,0.0,0.0,0.0,0.0,0.0,0.0,0.0,0.0,0.0,0.0,0.0,0.0,0.0,79.0,159.0,0,1,1,79,159
192.168.43.203,192.168.43.96,35086,53,17,2022-09-19 11:31:14,1896.1429595947266,82272.27763108262,1054.7727901420847,527.3863950710423,527.3863950710423,1,1,78,78,78.0,78.0,78.0,0.0,78.0,78.0,78.0,0.0,78,78,78.0,0.0,0.0,8,8,8,1,0.0,0.0,0.0,0.0,0,0.0,0.0,0.0,0.0,0.0,0.0,0.0,0.0,0.0,0,0,0,0,1,0,0,0,0,0,0,1.0,78.0,0,0,0.0,0.0,0.0,0.0,0.0,0.0,0.0,0.0,0.0,0.0,0.0,0.0,0.0,0.0,78.0,78.0,0,1,1,78,78
192.168.43.203,54.169.175.250,35984,443,6,2022-09-19 11:30:23,104488367.55752563,20.155353645854888,0.18183842320571836,0.09570443326616757,0.0861339899395508,10,9,1363,743,216.0,66.0,136.3,40.94642841567504,141.0,66.0,82.55555555555556,30.973505205116165,216,66,110.84210526315789,45.35388703575557,2056.975069252077,200,180,20,8,5804909.308751424,14879001.379013062,45.53794860839844,6131980.597882917,104488367.55752563,15006020.784378052,6291192.770004272,11609818.617502848,3734165.34989559,89264142.9901123,15472588.300704956,6120016.574859619,11158017.873764038,3780009.4831683524,0,0,0,0,1,0,0,0,0,0,0,0.9,110.84210526315789,501,141,14355191.946029663,6119938.135147095,10734560.60886383,3522983.8969698604,14752405.405044556,479424.47662353516,10062128.496170044,4646631.396015851,0.0,0.0,0.0,0.0,0.0,0.0,136.3,82.55555555555556,0,10,9,1363,743
192.168.43.203,75.2.88.188,33658,443,6,2022-09-19 11:31:06,9380034.685134888,865.1353936740057,2.132188277693175,1.0660941388465874,1.0660941388465874,10,10,1949,6166,1186.0,66.0,194.9,331.4158867646511,1442.0,66.0,616.6,650.4663250315116,1442,66,405.75,557.6102469467361,310929.1875,200,200,20,3,493659.9480478387,7181907.892227173,-227.6897430419922,1626109.8398347357,9380034.685134888,7181907.892227173,16.21246337890625,1042226.0761260986,2246763.228706312,9162293.195724487,7258744.239807129,0.0,1018032.5773027209,2275463.2141891555,0,0,0,0,1,0,0,0,0,0,0,1.0,405.75,501,1064,7181852.579116821,72088.00315856934,2490461.6673787436,3317845.047318425,7181854.724884033,76672.55401611328,2316994.607448578,2888315.369768198,0.0,0.0,5460.0,6.0,0.0,2195675.9194630873,194.9,616.6,0,10,10,1949,6166
192.168.43.203,192.168.43.96,36737,53,17,2022-09-19 11:31:14,1351715.087890625,204.18504052559095,1.4796017429390649,0.7398008714695324,0.7398008714695324,1,1,74,202,74.0,74.0,74.0,0.0,202.0,202.0,202.0,0.0,202,74,138.0,64.0,4096.0,8,8,8,1,0.0,0.0,0.0,0.0,0,0.0,0.0,0.0,0.0,0.0,0.0,0.0,0.0,0.0,0,0,0,0,1,0,0,0,0,0,0,1.0,138.0,0,0,0.0,0.0,0.0,0.0,0.0,0.0,0.0,0.0,0.0,0.0,0.0,0.0,0.0,0.0,74.0,202.0,0,1,1,74,202
192.168.43.203,192.168.43.96,32973,53,17,2022-09-19 11:31:16,1602.4112701416016,92360.80821306353,1248.119029906264,624.059514953132,624.059514953132,1,1,74,74,74.0,74.0,74.0,0.0,74.0,74.0,74.0,0.0,74,74,74.0,0.0,0.0,8,8,8,1,0.0,0.0,0.0,0.0,0,0.0,0.0,0.0,0.0,0.0,0.0,0.0,0.0,0.0,0,0,0,0,1,0,0,0,0,0,0,1.0,74.0,0,0,0.0,0.0,0.0,0.0,0.0,0.0,0.0,0.0,0.0,0.0,0.0,0.0,0.0,0.0,74.0,74.0,0,1,1,74,74
192.168.43.203,192.168.43.96,54547,53,17,2022-09-19 11:31:18,69658.04100036621,2182.088353578604,28.71168886287637,14.355844431438184,14.355844431438184,1,1,76,76,76.0,76.0,76.0,0.0,76.0,76.0,76.0,0.0,76,76,76.0,0.0,0.0,8,8,8,1,0.0,0.0,0.0,0.0,0,0.0,0.0,0.0,0.0,0.0,0.0,0.0,0.0,0.0,0,0,0,0,1,0,0,0,0,0,0,1.0,76.0,0,0,0.0,0.0,0.0,0.0,0.0,0.0,0.0,0.0,0.0,0.0,0.0,0.0,0.0,0.0,76.0,76.0,0,1,1,76,76
192.168.43.203,192.168.43.96,42337,53,17,2022-09-19 11:31:27,34748.55422973633,6734.093120908979,57.5563514607605,28.77817573038025,28.77817573038025,1,1,109,125,109.0,109.0,109.0,0.0,125.0,125.0,125.0,0.0,125,109,117.0,8.0,64.0,8,8,8,1,0.0,0.0,0.0,0.0,0,0.0,0.0,0.0,0.0,0.0,0.0,0.0,0.0,0.0,0,0,0,0,1,0,0,0,0,0,0,1.0,117.0,0,0,0.0,0.0,0.0,0.0,0.0,0.0,0.0,0.0,0.0,0.0,0.0,0.0,0.0,0.0,109.0,125.0,0,1,1,109,125
192.168.43.203,192.168.43.96,57085,53,17,2022-09-19 11:31:27,3546.9532012939453,61461.19997311286,563.8642199368152,281.9321099684076,281.9321099684076,1,1,109,109,109.0,109.0,109.0,0.0,109.0,109.0,109.0,0.0,109,109,109.0,0.0,0.0,8,8,8,1,0.0,0.0,0.0,0.0,0,0.0,0.0,0.0,0.0,0.0,0.0,0.0,0.0,0.0,0,0,0,0,1,0,0,0,0,0,0,1.0,109.0,0,0,0.0,0.0,0.0,0.0,0.0,0.0,0.0,0.0,0.0,0.0,0.0,0.0,0.0,0.0,109.0,109.0,0,1,1,109,109
192.168.43.203,192.168.43.96,37183,53,17,2022-09-19 11:31:27,2564.668655395508,60826.57097703821,779.8278330389513,389.91391651947566,389.91391651947566,1,1,78,78,78.0,78.0,78.0,0.0,78.0,78.0,78.0,0.0,78,78,78.0,0.0,0.0,8,8,8,1,0.0,0.0,0.0,0.0,0,0.0,0.0,0.0,0.0,0.0,0.0,0.0,0.0,0.0,0,0,0,0,1,0,0,0,0,0,0,1.0,78.0,0,0,0.0,0.0,0.0,0.0,0.0,0.0,0.0,0.0,0.0,0.0,0.0,0.0,0.0,0.0,78.0,78.0,0,1,1,78,78
192.168.43.203,192.168.43.96,59604,53,17,2022-09-19 11:31:27,194270.37239074707,885.3640309807333,10.294930592799226,5.147465296399613,5.147465296399613,1,1,78,94,78.0,78.0,78.0,0.0,94.0,94.0,94.0,0.0,94,78,86.0,8.0,64.0,8,8,8,1,0.0,0.0,0.0,0.0,0,0.0,0.0,0.0,0.0,0.0,0.0,0.0,0.0,0.0,0,0,0,0,1,0,0,0,0,0,0,1.0,86.0,0,0,0.0,0.0,0.0,0.0,0.0,0.0,0.0,0.0,0.0,0.0,0.0,0.0,0.0,0.0,78.0,94.0,0,1,1,78,94
192.168.43.203,192.168.43.96,44913,53,17,2022-09-19 11:31:28,2802.133560180664,54244.38083893474,713.7418531438782,356.8709265719391,356.8709265719391,1,1,76,76,76.0,76.0,76.0,0.0,76.0,76.0,76.0,0.0,76,76,76.0,0.0,0.0,8,8,8,1,0.0,0.0,0.0,0.0,0,0.0,0.0,0.0,0.0,0.0,0.0,0.0,0.0,0.0,0,0,0,0,1,0,0,0,0,0,0,1.0,76.0,0,0,0.0,0.0,0.0,0.0,0.0,0.0,0.0,0.0,0.0,0.0,0.0,0.0,0.0,0.0,76.0,76.0,0,1,1,76,76
192.168.43.203,192.168.43.96,45160,53,17,2022-09-19 11:31:28,4251.003265380859,35756.26517106001,470.4771733034212,235.2385866517106,235.2385866517106,1,1,76,76,76.0,76.0,76.0,0.0,76.0,76.0,76.0,0.0,76,76,76.0,0.0,0.0,8,8,8,1,0.0,0.0,0.0,0.0,0,0.0,0.0,0.0,0.0,0.0,0.0,0.0,0.0,0.0,0,0,0,0,1,0,0,0,0,0,0,1.0,76.0,0,0,0.0,0.0,0.0,0.0,0.0,0.0,0.0,0.0,0.0,0.0,0.0,0.0,0.0,0.0,76.0,76.0,0,1,1,76,76
192.168.43.203,35.241.24.90,50216,443,6,2022-09-19 11:31:28,100786.20910644531,3899.343010162563,49.609961961355765,29.765977176813458,19.843984784542307,3,2,261,132,105.0,66.0,87.0,16.06237840420901,66.0,66.0,66.0,0.0,105,66,78.6,16.144348856488453,260.64,60,40,20,2,25196.552276611328,92334.50889587402,74.86343383789062,38888.811789047664,100786.20910644531,100344.18106079102,442.0280456542969,50393.104553222656,49951.07650756836,0.0,0.0,0.0,0.0,0.0,0,0,0,0,1,0,0,0,0,0,0,0.6666666666666666,78.6,501,276,0.0,0.0,0.0,0.0,0.0,0.0,0.0,0.0,0.0,0.0,0.0,0.0,0.0,0.0,87.0,66.0,0,3,2,261,132
192.168.43.203,172.67.68.36,59452,443,6,2022-09-19 11:30:31,102654994.96459961,53.66519185841633,0.31172375013057224,0.14612050787370573,0.1656032422568665,15,17,2852,2657,1216.0,54.0,190.13333333333333,314.20584901550694,818.0,54.0,156.2941176470588,231.30010165199118,1216,54,172.15625,273.8327625320562,74984.3818359375,300,340,20,8,3311445.4130972587,25299749.13597107,-148.773193359375,8390560.713577185,102504594.56443787,25508199.45335388,66.28036499023438,7321756.754602705,11353289.014898283,102454984.66491699,25299749.13597107,0.2384185791015625,6403436.541557312,10800138.54279496,0,0,0,0,1,0,0,0,0,0,0,1.1333333333333333,172.15625,64240,8,25298041.582107544,199140.7871246338,12679241.508245468,12428535.166072132,25093006.372451782,104070.18661499023,7256023.747580392,11189933.30172322,0.0,0.0,0.0,0.0,0.0,0.0,190.13333333333333,156.2941176470588,0,15,17,2852,2657
35.244.180.134,192.168.43.203,443,59686,6,2022-09-19 11:30:49,90519861.22131348,101.28164003240137,0.673885257632688,0.4087500743017944,0.26513518333089364,37,24,6115,3053,372.0,66.0,165.27027027027026,98.38881738497237,319.0,66.0,127.20833333333333,99.23960028077948,372,66,150.29508196721312,100.46014530889892,10092.240795485086,740,480,20,27,1508658.488591512,30098695.755004883,-128.26919555664062,5865155.5173240015,90519702.19612122,30098838.567733765,0.0,2514436.1721144784,7403100.7955836505,90519403.4576416,30098773.956298828,15.020370483398438,3935626.237288765,8955771.647597196,0,0,0,0,1,0,0,0,0,0,0,0.6486486486486487,150.29508196721312,349,500,30098299.980163574,81.30073547363281,6432755.9811728345,10759771.267186213,30098607.301712036,5506.753921508789,5021285.666359795,9850612.190607378,563.0,4.0,0.0,0.0,699672.045037037,0.0,165.27027027027026,127.20833333333333,0,37,24,6115,3053
192.168.43.203,192.168.43.96,52007,53,17,2022-09-19 11:31:33,71320.77217102051,2131.216409652973,28.042321179644382,14.021160589822191,14.021160589822191,1,1,76,76,76.0,76.0,76.0,0.0,76.0,76.0,76.0,0.0,76,76,76.0,0.0,0.0,8,8,8,1,0.0,0.0,0.0,0.0,0,0.0,0.0,0.0,0.0,0.0,0.0,0.0,0.0,0.0,0,0,0,0,1,0,0,0,0,0,0,1.0,76.0,0,0,0.0,0.0,0.0,0.0,0.0,0.0,0.0,0.0,0.0,0.0,0.0,0.0,0.0,0.0,76.0,76.0,0,1,1,76,76
192.168.43.203,192.168.43.96,36384,53,17,2022-09-19 11:31:33,399308.2046508789,535.926879306433,5.008662423424607,2.5043312117123033,2.5043312117123033,1,1,99,115,99.0,99.0,99.0,0.0,115.0,115.0,115.0,0.0,115,99,107.0,8.0,64.0,8,8,8,1,0.0,0.0,0.0,0.0,0,0.0,0.0,0.0,0.0,0.0,0.0,0.0,0.0,0.0,0,0,0,0,1,0,0,0,0,0,0,1.0,107.0,0,0,0.0,0.0,0.0,0.0,0.0,0.0,0.0,0.0,0.0,0.0,0.0,0.0,0.0,0.0,99.0,115.0,0,1,1,99,115
192.168.43.203,192.168.43.96,43883,53,17,2022-09-19 11:31:33,2404.6897888183594,82339.10291493159,831.7081102518342,415.8540551259171,415.8540551259171,1,1,99,99,99.0,99.0,99.0,0.0,99.0,99.0,99.0,0.0,99,99,99.0,0.0,0.0,8,8,8,1,0.0,0.0,0.0,0.0,0,0.0,0.0,0.0,0.0,0.0,0.0,0.0,0.0,0.0,0,0,0,0,1,0,0,0,0,0,0,1.0,99.0,0,0,0.0,0.0,0.0,0.0,0.0,0.0,0.0,0.0,0.0,0.0,0.0,0.0,0.0,0.0,99.0,99.0,0,1,1,99,99
192.168.43.203,34.107.204.85,57170,443,6,2022-09-19 11:31:34,78012.46643066406,4383.914720911469,51.273856384929466,25.636928192464733,25.636928192464733,2,2,171,171,105.0,66.0,85.5,19.5,105.0,66.0,85.5,19.5,105,66,85.5,19.5,380.25,40,40,20,1,26004.15547688802,77947.61657714844,0.476837158203125,36729.58284531357,0,0.0,0.0,0.0,0.0,0.0,0.0,0.0,0.0,0.0,0,0,0,0,1,0,0,0,0,0,0,1.0,85.5,501,285,0.0,0.0,0.0,0.0,0.0,0.0,0.0,0.0,0.0,0.0,0.0,0.0,0.0,0.0,85.5,85.5,0,2,2,171,171
192.168.43.203,192.168.43.96,43035,53,17,2022-09-19 11:31:41,170356.51206970215,1461.6406321944446,11.740085399152166,5.870042699576083,5.870042699576083,1,1,78,171,78.0,78.0,78.0,0.0,171.0,171.0,171.0,0.0,171,78,124.5,46.5,2162.25,8,8,8,1,0.0,0.0,0.0,0.0,0,0.0,0.0,0.0,0.0,0.0,0.0,0.0,0.0,0.0,0,0,0,0,1,0,0,0,0,0,0,1.0,124.5,0,0,0.0,0.0,0.0,0.0,0.0,0.0,0.0,0.0,0.0,0.0,0.0,0.0,0.0,0.0,78.0,171.0,0,1,1,78,171
192.168.43.203,192.168.43.96,33792,53,17,2022-09-19 11:31:41,32608.0322265625,6838.8058025269065,61.33458118858213,30.667290594291064,30.667290594291064,1,1,72,151,72.0,72.0,72.0,0.0,151.0,151.0,151.0,0.0,151,72,111.5,39.5,1560.25,8,8,8,1,0.0,0.0,0.0,0.0,0,0.0,0.0,0.0,0.0,0.0,0.0,0.0,0.0,0.0,0,0,0,0,1,0,0,0,0,0,0,1.0,111.5,0,0,0.0,0.0,0.0,0.0,0.0,0.0,0.0,0.0,0.0,0.0,0.0,0.0,0.0,0.0,72.0,151.0,0,1,1,72,151
192.168.43.203,192.168.43.96,35665,53,17,2022-09-19 11:31:41,127298.83193969727,2183.837791470792,15.71106324799131,7.855531623995655,7.855531623995655,1,1,72,206,72.0,72.0,72.0,0.0,206.0,206.0,206.0,0.0,206,72,139.0,67.0,4489.0,8,8,8,1,0.0,0.0,0.0,0.0,0,0.0,0.0,0.0,0.0,0.0,0.0,0.0,0.0,0.0,0,0,0,0,1,0,0,0,0,0,0,1.0,139.0,0,0,0.0,0.0,0.0,0.0,0.0,0.0,0.0,0.0,0.0,0.0,0.0,0.0,0.0,0.0,72.0,206.0,0,1,1,72,206
192.168.43.203,192.168.43.96,47629,53,17,2022-09-19 11:31:41,1429.7962188720703,152469.27997332,1398.8007337001834,699.4003668500917,699.4003668500917,1,1,109,109,109.0,109.0,109.0,0.0,109.0,109.0,109.0,0.0,109,109,109.0,0.0,0.0,8,8,8,1,0.0,0.0,0.0,0.0,0,0.0,0.0,0.0,0.0,0.0,0.0,0.0,0.0,0.0,0,0,0,0,1,0,0,0,0,0,0,1.0,109.0,0,0,0.0,0.0,0.0,0.0,0.0,0.0,0.0,0.0,0.0,0.0,0.0,0.0,0.0,0.0,109.0,109.0,0,1,1,109,109
192.168.43.203,224.0.0.251,5353,5353,17,2022-09-19 11:31:42,0.0,0,0,0,0,1,0,82,0,82.0,82.0,82.0,0.0,0.0,0.0,0.0,0.0,82,82,82.0,0.0,0.0,8,0,8,1,0.0,0.0,0.0,0.0,0,0.0,0.0,0.0,0.0,0.0,0.0,0.0,0.0,0.0,0,0,0,0,1,0,0,0,0,0,0,0.0,82.0,0,0,0.0,0.0,0.0,0.0,0.0,0.0,0.0,0.0,0.0,0.0,0.0,0.0,0.0,0.0,82.0,0.0,0,1,0,82,0
192.168.43.203,192.168.43.96,35191,53,17,2022-09-19 11:31:43,5616.426467895508,27063.471919174768,356.0983147259838,178.0491573629919,178.0491573629919,1,1,76,76,76.0,76.0,76.0,0.0,76.0,76.0,76.0,0.0,76,76,76.0,0.0,0.0,8,8,8,1,0.0,0.0,0.0,0.0,0,0.0,0.0,0.0,0.0,0.0,0.0,0.0,0.0,0.0,0,0,0,0,1,0,0,0,0,0,0,1.0,76.0,0,0,0.0,0.0,0.0,0.0,0.0,0.0,0.0,0.0,0.0,0.0,0.0,0.0,0.0,0.0,76.0,76.0,0,1,1,76,76
192.168.43.203,192.168.43.96,41602,53,17,2022-09-19 11:31:44,66309.69047546387,4162.2875634161865,30.161504082725987,15.080752041362993,15.080752041362993,1,1,74,202,74.0,74.0,74.0,0.0,202.0,202.0,202.0,0.0,202,74,138.0,64.0,4096.0,8,8,8,1,0.0,0.0,0.0,0.0,0,0.0,0.0,0.0,0.0,0.0,0.0,0.0,0.0,0.0,0,0,0,0,1,0,0,0,0,0,0,1.0,138.0,0,0,0.0,0.0,0.0,0.0,0.0,0.0,0.0,0.0,0.0,0.0,0.0,0.0,0.0,0.0,74.0,202.0,0,1,1,74,202
192.168.43.203,192.168.43.96,34343,53,17,2022-09-19 11:31:44,2048.7308502197266,72239.8454556034,976.2141277784243,488.10706388921216,488.10706388921216,1,1,74,74,74.0,74.0,74.0,0.0,74.0,74.0,74.0,0.0,74,74,74.0,0.0,0.0,8,8,8,1,0.0,0.0,0.0,0.0,0,0.0,0.0,0.0,0.0,0.0,0.0,0.0,0.0,0.0,0,0,0,0,1,0,0,0,0,0,0,1.0,74.0,0,0,0.0,0.0,0.0,0.0,0.0,0.0,0.0,0.0,0.0,0.0,0.0,0.0,0.0,0.0,74.0,74.0,0,1,1,74,74
192.168.43.203,35.186.194.58,47948,443,6,2022-09-19 11:31:51,168350.9349822998,1639.4325343605503,17.81991885174511,11.879945901163408,5.939972950581704,2,1,171,105,105.0,66.0,85.5,19.5,105.0,105.0,105.0,0.0,105,66,92.0,18.384776310850235,338.0,40,20,20,1,84175.4674911499,168257.7133178711,93.22166442871094,84082.24582672119,0,0.0,0.0,0.0,0.0,0.0,0.0,0.0,0.0,0.0,0,0,0,0,1,0,0,0,0,0,0,0.5,92.0,501,276,0.0,0.0,0.0,0.0,0.0,0.0,0.0,0.0,0.0,0.0,0.0,0.0,0.0,0.0,85.5,105.0,0,2,1,171,105
192.168.43.203,192.168.43.96,45122,53,17,2022-09-19 11:31:54,1707.7922821044922,91346.00362976406,1171.102610638001,585.5513053190004,585.5513053190004,1,1,78,78,78.0,78.0,78.0,0.0,78.0,78.0,78.0,0.0,78,78,78.0,0.0,0.0,8,8,8,1,0.0,0.0,0.0,0.0,0,0.0,0.0,0.0,0.0,0.0,0.0,0.0,0.0,0.0,0,0,0,0,1,0,0,0,0,0,0,1.0,78.0,0,0,0.0,0.0,0.0,0.0,0.0,0.0,0.0,0.0,0.0,0.0,0.0,0.0,0.0,0.0,78.0,78.0,0,1,1,78,78
192.168.43.203,192.168.43.96,40755,53,17,2022-09-19 11:31:54,3443.002700805664,45309.287722456895,580.8883041340628,290.4441520670314,290.4441520670314,1,1,78,78,78.0,78.0,78.0,0.0,78.0,78.0,78.0,0.0,78,78,78.0,0.0,0.0,8,8,8,1,0.0,0.0,0.0,0.0,0,0.0,0.0,0.0,0.0,0.0,0.0,0.0,0.0,0.0,0,0,0,0,1,0,0,0,0,0,0,1.0,78.0,0,0,0.0,0.0,0.0,0.0,0.0,0.0,0.0,0.0,0.0,0.0,0.0,0.0,0.0,0.0,78.0,78.0,0,1,1,78,78
192.168.43.203,192.168.43.96,55725,53,17,2022-09-19 11:31:58,212563.99154663086,1138.4806911047851,9.408931331444505,4.704465665722252,4.704465665722252,1,1,76,166,76.0,76.0,76.0,0.0,166.0,166.0,166.0,0.0,166,76,121.0,45.0,2025.0,8,8,8,1,0.0,0.0,0.0,0.0,0,0.0,0.0,0.0,0.0,0.0,0.0,0.0,0.0,0.0,0,0,0,0,1,0,0,0,0,0,0,1.0,121.0,0,0,0.0,0.0,0.0,0.0,0.0,0.0,0.0,0.0,0.0,0.0,0.0,0.0,0.0,0.0,76.0,166.0,0,1,1,76,166
192.168.43.203,34.117.46.154,56458,443,6,2022-09-19 11:32:05,195918.56002807617,1408.7486145286477,15.31248494052878,10.208323293685853,5.104161646842926,2,1,171,105,105.0,66.0,85.5,19.5,105.0,105.0,105.0,0.0,105,66,92.0,18.384776310850235,338.0,40,20,20,1,97959.28001403809,195844.6502685547,73.90975952148438,97885.3702545166,0,0.0,0.0,0.0,0.0,0.0,0.0,0.0,0.0,0.0,0,0,0,0,1,0,0,0,0,0,0,0.5,92.0,501,282,0.0,0.0,0.0,0.0,0.0,0.0,0.0,0.0,0.0,0.0,0.0,0.0,0.0,0.0,85.5,105.0,0,2,1,171,105
192.168.43.203,192.168.43.96,47130,53,17,2022-09-19 11:32:08,2119.779586791992,73592.55696772017,943.4943200989765,471.74716004948823,471.74716004948823,1,1,78,78,78.0,78.0,78.0,0.0,78.0,78.0,78.0,0.0,78,78,78.0,0.0,0.0,8,8,8,1,0.0,0.0,0.0,0.0,0,0.0,0.0,0.0,0.0,0.0,0.0,0.0,0.0,0.0,0,0,0,0,1,0,0,0,0,0,0,1.0,78.0,0,0,0.0,0.0,0.0,0.0,0.0,0.0,0.0,0.0,0.0,0.0,0.0,0.0,0.0,0.0,78.0,78.0,0,1,1,78,78
192.168.43.203,192.168.43.96,49575,53,17,2022-09-19 11:32:08,2501.0108947753906,60775.42497616778,799.6766444232602,399.8383222116301,399.8383222116301,1,1,76,76,76.0,76.0,76.0,0.0,76.0,76.0,76.0,0.0,76,76,76.0,0.0,0.0,8,8,8,1,0.0,0.0,0.0,0.0,0,0.0,0.0,0.0,0.0,0.0,0.0,0.0,0.0,0.0,0,0,0,0,1,0,0,0,0,0,0,1.0,76.0,0,0,0.0,0.0,0.0,0.0,0.0,0.0,0.0,0.0,0.0,0.0,0.0,0.0,0.0,0.0,76.0,76.0,0,1,1,76,76
192.168.43.203,192.168.43.96,37154,53,17,2022-09-19 11:32:08,4209.280014038086,37060.96992353441,475.1406400453129,237.57032002265646,237.57032002265646,1,1,78,78,78.0,78.0,78.0,0.0,78.0,78.0,78.0,0.0,78,78,78.0,0.0,0.0,8,8,8,1,0.0,0.0,0.0,0.0,0,0.0,0.0,0.0,0.0,0.0,0.0,0.0,0.0,0.0,0,0,0,0,1,0,0,0,0,0,0,1.0,78.0,0,0,0.0,0.0,0.0,0.0,0.0,0.0,0.0,0.0,0.0,0.0,0.0,0.0,0.0,0.0,78.0,78.0,0,1,1,78,78
192.168.43.203,192.168.43.96,36510,53,17,2022-09-19 11:32:08,3351.449966430664,45353.50416162766,596.7566337056271,298.37831685281355,298.37831685281355,1,1,76,76,76.0,76.0,76.0,0.0,76.0,76.0,76.0,0.0,76,76,76.0,0.0,0.0,8,8,8,1,0.0,0.0,0.0,0.0,0,0.0,0.0,0.0,0.0,0.0,0.0,0.0,0.0,0.0,0,0,0,0,1,0,0,0,0,0,0,1.0,76.0,0,0,0.0,0.0,0.0,0.0,0.0,0.0,0.0,0.0,0.0,0.0,0.0,0.0,0.0,0.0,76.0,76.0,0,1,1,76,76
192.168.43.203,192.168.43.96,56209,53,17,2022-09-19 11:32:09,32916.30744934082,7108.938338850218,60.76015674230956,30.38007837115478,30.38007837115478,1,1,109,125,109.0,109.0,109.0,0.0,125.0,125.0,125.0,0.0,125,109,117.0,8.0,64.0,8,8,8,1,0.0,0.0,0.0,0.0,0,0.0,0.0,0.0,0.0,0.0,0.0,0.0,0.0,0.0,0,0,0,0,1,0,0,0,0,0,0,1.0,117.0,0,0,0.0,0.0,0.0,0.0,0.0,0.0,0.0,0.0,0.0,0.0,0.0,0.0,0.0,0.0,109.0,125.0,0,1,1,109,125
192.168.43.203,192.168.43.96,51242,53,17,2022-09-19 11:32:09,2353.4297943115234,92630.76405632662,849.8235234525378,424.9117617262689,424.9117617262689,1,1,109,109,109.0,109.0,109.0,0.0,109.0,109.0,109.0,0.0,109,109,109.0,0.0,0.0,8,8,8,1,0.0,0.0,0.0,0.0,0,0.0,0.0,0.0,0.0,0.0,0.0,0.0,0.0,0.0,0,0,0,0,1,0,0,0,0,0,0,1.0,109.0,0,0,0.0,0.0,0.0,0.0,0.0,0.0,0.0,0.0,0.0,0.0,0.0,0.0,0.0,0.0,109.0,109.0,0,1,1,109,109
192.168.43.203,192.168.43.96,46869,53,17,2022-09-19 11:32:12,350241.89949035645,519.640854691662,5.710339062545736,2.855169531272868,2.855169531272868,1,1,75,107,75.0,75.0,75.0,0.0,107.0,107.0,107.0,0.0,107,75,91.0,16.0,256.0,8,8,8,1,0.0,0.0,0.0,0.0,0,0.0,0.0,0.0,0.0,0.0,0.0,0.0,0.0,0.0,0,0,0,0,1,0,0,0,0,0,0,1.0,91.0,0,0,0.0,0.0,0.0,0.0,0.0,0.0,0.0,0.0,0.0,0.0,0.0,0.0,0.0,0.0,75.0,107.0,0,1,1,75,107
192.168.43.203,192.168.43.96,41004,53,17,2022-09-19 11:32:12,79437.4942779541,2593.2338610681754,25.177027777360927,12.588513888680463,12.588513888680463,1,1,75,131,75.0,75.0,75.0,0.0,131.0,131.0,131.0,0.0,131,75,103.0,28.0,784.0,8,8,8,1,0.0,0.0,0.0,0.0,0,0.0,0.0,0.0,0.0,0.0,0.0,0.0,0.0,0.0,0,0,0,0,1,0,0,0,0,0,0,1.0,103.0,0,0,0.0,0.0,0.0,0.0,0.0,0.0,0.0,0.0,0.0,0.0,0.0,0.0,0.0,0.0,75.0,131.0,0,1,1,75,131
35.186.194.58,192.168.43.203,443,38120,17,2022-09-19 11:31:28,90389518.26095581,442.54024990504485,1.526725694030054,0.6195408613455292,0.9071848326845249,56,82,4978,35023,138.0,70.0,88.89285714285714,29.569940438746585,1399.0,71.0,427.109756097561,521.7540539676216,1399,70,289.8623188405797,435.54059682041225,189695.61147868092,448,656,8,56,659777.5055544219,14431695.222854614,0.0,2073827.3413719432,90389518.26095581,14640099.048614502,0.0,1643445.786562833,3202143.7500743433,90278974.77149963,14449323.654174805,45.299530029296875,1114555.244092588,2624690.3801820576,0,0,0,0,1,0,0,0,0,0,0,1.4642857142857142,289.8623188405797,0,0,14431637.287139893,1645.3266143798828,1909894.0984062527,3230411.765416489,14414066.791534424,6768.941879272461,1127589.6506431776,2630607.5608119722,0.0,0.0,3824.0,6.0,0.0,4024.645813509987,88.89285714285714,427.109756097561,0,56,82,4978,35023
192.168.43.203,34.237.73.95,39456,443,6,2022-09-19 11:31:43,30113543.033599854,41.874846762236224,0.2324535506230401,0.1328306003560229,0.09962295026701719,4,3,706,555,354.0,66.0,176.5,120.2279085736752,391.0,66.0,185.0,146.2486467173856,391,66,180.14285714285714,132.07619940390316,17444.12244897959,80,60,20,2,5018923.838933309,29423555.850982666,42.20008850097656,10914935.832294162,29789952.993392944,29423617.362976074,50690.1741027832,9929984.331130981,13784504.510755897,29797939.777374268,29423598.051071167,374341.7263031006,14898969.888687134,14524628.162384033,0,0,0,0,1,0,0,0,0,0,0,0.75,180.14285714285714,501,187,29423494.338989258,315561.05613708496,14869527.697563171,14553966.641426086,29423513.650894165,50628.662109375,7515661.358833313,12648904.457851294,0.0,0.0,0.0,0.0,0.0,0.0,176.5,185.0,0,4,3,706,555
192.168.43.203,104.16.101.12,50004,443,6,2022-09-19 11:32:12,1031051.1589050293,5345.030605321905,28.126635375491787,14.54825967697851,13.578375698513277,15,14,2945,2566,1208.0,54.0,196.33333333333334,288.4553499051263,635.0,54.0,183.28571428571428,202.96601706106532,1208,54,190.0344827586207,250.93363358886702,62967.68846611177,300,280,20,7,36810.69612503052,216024.16038513184,-154.25682067871094,64990.06902809342,1031051.1589050293,375463.00888061523,42.438507080078125,73646.51135035923,111025.50320131559,818362.4744415283,216024.16038513184,0.0,62950.95957242526,76641.72235594026,0,0,0,0,1,0,0,0,0,0,0,0.9333333333333333,190.0344827586207,64240,8,201410.29357910156,73828.45878601074,132777.7862548828,47094.83079862398,202294.34967041016,90518.95141601562,146652.18194325766,44896.703746097766,0.0,0.0,0.0,0.0,0.0,0.0,196.33333333333334,183.28571428571428,0,15,14,2945,2566
192.168.43.203,192.168.43.96,38411,53,17,2022-09-19 11:32:13,4030.942916870117,37708.298811143315,496.161826462412,248.080913231206,248.080913231206,1,1,76,76,76.0,76.0,76.0,0.0,76.0,76.0,76.0,0.0,76,76,76.0,0.0,0.0,8,8,8,1,0.0,0.0,0.0,0.0,0,0.0,0.0,0.0,0.0,0.0,0.0,0.0,0.0,0.0,0,0,0,0,1,0,0,0,0,0,0,1.0,76.0,0,0,0.0,0.0,0.0,0.0,0.0,0.0,0.0,0.0,0.0,0.0,0.0,0.0,0.0,0.0,76.0,76.0,0,1,1,76,76
192.168.43.203,192.168.43.96,37219,53,17,2022-09-19 11:32:14,1568.0789947509766,94383.000152045,1275.4459480006083,637.7229740003041,637.7229740003041,1,1,74,74,74.0,74.0,74.0,0.0,74.0,74.0,74.0,0.0,74,74,74.0,0.0,0.0,8,8,8,1,0.0,0.0,0.0,0.0,0,0.0,0.0,0.0,0.0,0.0,0.0,0.0,0.0,0.0,0,0,0,0,1,0,0,0,0,0,0,1.0,74.0,0,0,0.0,0.0,0.0,0.0,0.0,0.0,0.0,0.0,0.0,0.0,0.0,0.0,0.0,0.0,74.0,74.0,0,1,1,74,74
192.168.43.203,192.168.43.96,49058,53,17,2022-09-19 11:32:14,1607.1796417236328,92086.78118973447,1244.4159620234386,622.2079810117193,622.2079810117193,1,1,74,74,74.0,74.0,74.0,0.0,74.0,74.0,74.0,0.0,74,74,74.0,0.0,0.0,8,8,8,1,0.0,0.0,0.0,0.0,0,0.0,0.0,0.0,0.0,0.0,0.0,0.0,0.0,0.0,0,0,0,0,1,0,0,0,0,0,0,1.0,74.0,0,0,0.0,0.0,0.0,0.0,0.0,0.0,0.0,0.0,0.0,0.0,0.0,0.0,0.0,0.0,74.0,74.0,0,1,1,74,74
192.168.43.203,192.168.43.96,50085,53,17,2022-09-19 11:32:18,51281.45217895508,2964.034627365289,39.00045562322749,19.500227811613744,19.500227811613744,1,1,76,76,76.0,76.0,76.0,0.0,76.0,76.0,76.0,0.0,76,76,76.0,0.0,0.0,8,8,8,1,0.0,0.0,0.0,0.0,0,0.0,0.0,0.0,0.0,0.0,0.0,0.0,0.0,0.0,0,0,0,0,1,0,0,0,0,0,0,1.0,76.0,0,0,0.0,0.0,0.0,0.0,0.0,0.0,0.0,0.0,0.0,0.0,0.0,0.0,0.0,0.0,76.0,76.0,0,1,1,76,76
192.168.43.203,192.168.43.96,55304,53,17,2022-09-19 11:32:20,191454.1721343994,1237.894151680475,10.44636414920232,5.22318207460116,5.22318207460116,1,1,72,165,72.0,72.0,72.0,0.0,165.0,165.0,165.0,0.0,165,72,118.5,46.5,2162.25,8,8,8,1,0.0,0.0,0.0,0.0,0,0.0,0.0,0.0,0.0,0.0,0.0,0.0,0.0,0.0,0,0,0,0,1,0,0,0,0,0,0,1.0,118.5,0,0,0.0,0.0,0.0,0.0,0.0,0.0,0.0,0.0,0.0,0.0,0.0,0.0,0.0,0.0,72.0,165.0,0,1,1,72,165
192.168.43.203,192.168.43.96,36122,53,17,2022-09-19 11:32:23,1951.6944885253906,77881.04177864647,1024.7505497190325,512.3752748595163,512.3752748595163,1,1,76,76,76.0,76.0,76.0,0.0,76.0,76.0,76.0,0.0,76,76,76.0,0.0,0.0,8,8,8,1,0.0,0.0,0.0,0.0,0,0.0,0.0,0.0,0.0,0.0,0.0,0.0,0.0,0.0,0,0,0,0,1,0,0,0,0,0,0,1.0,76.0,0,0,0.0,0.0,0.0,0.0,0.0,0.0,0.0,0.0,0.0,0.0,0.0,0.0,0.0,0.0,76.0,76.0,0,1,1,76,76
192.168.43.203,192.168.43.96,52665,53,17,2022-09-19 11:32:23,1850.3665924072266,82145.88429326117,1080.866898595542,540.433449297771,540.433449297771,1,1,76,76,76.0,76.0,76.0,0.0,76.0,76.0,76.0,0.0,76,76,76.0,0.0,0.0,8,8,8,1,0.0,0.0,0.0,0.0,0,0.0,0.0,0.0,0.0,0.0,0.0,0.0,0.0,0.0,0,0,0,0,1,0,0,0,0,0,0,1.0,76.0,0,0,0.0,0.0,0.0,0.0,0.0,0.0,0.0,0.0,0.0,0.0,0.0,0.0,0.0,0.0,76.0,76.0,0,1,1,76,76
192.168.43.203,75.2.88.188,33658,443,6,2022-09-19 11:32:14,11636657.47642517,157.00384785762913,0.6874826397706804,0.3437413198853402,0.3437413198853402,4,4,1517,310,1186.0,66.0,379.25,466.7929814168161,112.0,66.0,77.5,19.91858428704209,1186,66,228.375,363.1934531004104,131909.484375,80,80,20,3,1662379.63948931,11178452.014923096,61.03515625,3886060.415627428,11532128.57246399,11178452.014923096,61.03515625,3844042.8574879966,5188218.60631442,11570208.549499512,11279419.18373108,3705.263137817383,3856736.183166504,5249904.322100916,0,0,0,0,1,0,0,0,0,0,0,1.0,228.375,501,1129,11178390.979766846,287001.6098022461,5732696.294784546,5445694.6849823,11178369.522094727,66448.92692565918,2891554.057598114,4784737.561867855,0.0,0.0,0.0,0.0,0.0,0.0,379.25,77.5,0,4,4,1517,310
192.168.43.203,192.168.43.96,52971,53,17,2022-09-19 11:32:25,2391.0999298095703,65241.94077176189,836.4351380995114,418.2175690497557,418.2175690497557,1,1,78,78,78.0,78.0,78.0,0.0,78.0,78.0,78.0,0.0,78,78,78.0,0.0,0.0,8,8,8,1,0.0,0.0,0.0,0.0,0,0.0,0.0,0.0,0.0,0.0,0.0,0.0,0.0,0.0,0,0,0,0,1,0,0,0,0,0,0,1.0,78.0,0,0,0.0,0.0,0.0,0.0,0.0,0.0,0.0,0.0,0.0,0.0,0.0,0.0,0.0,0.0,78.0,78.0,0,1,1,78,78
192.168.43.203,192.168.43.96,58531,53,17,2022-09-19 11:32:25,39361.47689819336,6046.521084957661,50.81110155426605,25.405550777133026,25.405550777133026,1,1,79,159,79.0,79.0,79.0,0.0,159.0,159.0,159.0,0.0,159,79,119.0,40.0,1600.0,8,8,8,1,0.0,0.0,0.0,0.0,0,0.0,0.0,0.0,0.0,0.0,0.0,0.0,0.0,0.0,0,0,0,0,1,0,0,0,0,0,0,1.0,119.0,0,0,0.0,0.0,0.0,0.0,0.0,0.0,0.0,0.0,0.0,0.0,0.0,0.0,0.0,0.0,79.0,159.0,0,1,1,79,159
192.168.43.203,192.168.43.96,59641,53,17,2022-09-19 11:32:26,2200.1266479492188,70905.00910273082,909.0385782401387,454.51928912006935,454.51928912006935,1,1,78,78,78.0,78.0,78.0,0.0,78.0,78.0,78.0,0.0,78,78,78.0,0.0,0.0,8,8,8,1,0.0,0.0,0.0,0.0,0,0.0,0.0,0.0,0.0,0.0,0.0,0.0,0.0,0.0,0,0,0,0,1,0,0,0,0,0,0,1.0,78.0,0,0,0.0,0.0,0.0,0.0,0.0,0.0,0.0,0.0,0.0,0.0,0.0,0.0,0.0,0.0,78.0,78.0,0,1,1,78,78
192.168.43.203,192.168.43.96,53679,53,17,2022-09-19 11:32:26,2286.9110107421875,69088.8273561301,874.5421184320267,437.2710592160133,437.2710592160133,1,1,79,79,79.0,79.0,79.0,0.0,79.0,79.0,79.0,0.0,79,79,79.0,0.0,0.0,8,8,8,1,0.0,0.0,0.0,0.0,0,0.0,0.0,0.0,0.0,0.0,0.0,0.0,0.0,0.0,0,0,0,0,1,0,0,0,0,0,0,1.0,79.0,0,0,0.0,0.0,0.0,0.0,0.0,0.0,0.0,0.0,0.0,0.0,0.0,0.0,0.0,0.0,79.0,79.0,0,1,1,79,79
35.186.228.49,192.168.43.203,443,55868,6,2022-09-19 11:31:40,97691318.51196289,105.88453669742736,1.0441050602414532,0.5425251783607551,0.5015798818806981,53,49,4980,5364,149.0,66.0,93.9622641509434,36.85973528716203,138.0,66.0,109.46938775510205,29.538008748892434,149,66,101.41176470588235,34.4256382290009,1185.1245674740483,1060,980,20,19,967238.4191267561,12993537.425994873,-124.21607971191406,3248123.992747295,97691268.92089844,13225568.294525146,0.0,1878678.2484788161,4409457.70632786,84697781.08596802,14888298.273086548,7.152557373046875,1764537.105957667,4330991.715410299,0,0,0,0,1,0,0,0,0,0,0,0.9245283018867925,101.41176470588235,272,501,12985631.942749023,14245.033264160156,3394916.375478109,5565887.026574747,12993537.425994873,7610.797882080078,2135575.477467027,4588493.755982124,0.0,0.0,222.0,4.0,0.0,196.99310571563942,93.9622641509434,109.46938775510205,0,53,49,4980,5364
192.168.43.203,192.168.43.96,46646,53,17,2022-09-19 11:32:28,3264.904022216797,46555.733021761356,612.5754344968599,306.28771724842994,306.28771724842994,1,1,76,76,76.0,76.0,76.0,0.0,76.0,76.0,76.0,0.0,76,76,76.0,0.0,0.0,8,8,8,1,0.0,0.0,0.0,0.0,0,0.0,0.0,0.0,0.0,0.0,0.0,0.0,0.0,0.0,0,0,0,0,1,0,0,0,0,0,0,1.0,76.0,0,0,0.0,0.0,0.0,0.0,0.0,0.0,0.0,0.0,0.0,0.0,0.0,0.0,0.0,0.0,76.0,76.0,0,1,1,76,76
192.168.43.203,192.168.43.96,58906,53,17,2022-09-19 11:32:28,1918.0774688720703,79246.0171535115,1042.710752019888,521.355376009944,521.355376009944,1,1,76,76,76.0,76.0,76.0,0.0,76.0,76.0,76.0,0.0,76,76,76.0,0.0,0.0,8,8,8,1,0.0,0.0,0.0,0.0,0,0.0,0.0,0.0,0.0,0.0,0.0,0.0,0.0,0.0,0,0,0,0,1,0,0,0,0,0,0,1.0,76.0,0,0,0.0,0.0,0.0,0.0,0.0,0.0,0.0,0.0,0.0,0.0,0.0,0.0,0.0,0.0,76.0,76.0,0,1,1,76,76
192.168.43.203,192.168.43.96,49140,53,17,2022-09-19 11:32:33,2536.296844482422,59929.893589020496,788.5512314344802,394.2756157172401,394.2756157172401,1,1,76,76,76.0,76.0,76.0,0.0,76.0,76.0,76.0,0.0,76,76,76.0,0.0,0.0,8,8,8,1,0.0,0.0,0.0,0.0,0,0.0,0.0,0.0,0.0,0.0,0.0,0.0,0.0,0.0,0,0,0,0,1,0,0,0,0,0,0,1.0,76.0,0,0,0.0,0.0,0.0,0.0,0.0,0.0,0.0,0.0,0.0,0.0,0.0,0.0,0.0,0.0,76.0,76.0,0,1,1,76,76
192.168.43.203,192.168.43.96,57958,53,17,2022-09-19 11:32:33,1344.6807861328125,113037.98014184397,1487.3418439716313,743.6709219858157,743.6709219858157,1,1,76,76,76.0,76.0,76.0,0.0,76.0,76.0,76.0,0.0,76,76,76.0,0.0,0.0,8,8,8,1,0.0,0.0,0.0,0.0,0,0.0,0.0,0.0,0.0,0.0,0.0,0.0,0.0,0.0,0,0,0,0,1,0,0,0,0,0,0,1.0,76.0,0,0,0.0,0.0,0.0,0.0,0.0,0.0,0.0,0.0,0.0,0.0,0.0,0.0,0.0,0.0,76.0,76.0,0,1,1,76,76
192.168.43.203,192.168.43.96,57272,53,17,2022-09-19 11:32:33,39166.927337646484,5974.428322721241,51.06348993778838,25.53174496889419,25.53174496889419,1,1,109,125,109.0,109.0,109.0,0.0,125.0,125.0,125.0,0.0,125,109,117.0,8.0,64.0,8,8,8,1,0.0,0.0,0.0,0.0,0,0.0,0.0,0.0,0.0,0.0,0.0,0.0,0.0,0.0,0,0,0,0,1,0,0,0,0,0,0,1.0,117.0,0,0,0.0,0.0,0.0,0.0,0.0,0.0,0.0,0.0,0.0,0.0,0.0,0.0,0.0,0.0,109.0,125.0,0,1,1,109,125
192.168.43.203,192.168.43.96,35186,53,17,2022-09-19 11:32:33,2274.751663208008,95834.63704014254,879.2168535792894,439.6084267896447,439.6084267896447,1,1,109,109,109.0,109.0,109.0,0.0,109.0,109.0,109.0,0.0,109,109,109.0,0.0,0.0,8,8,8,1,0.0,0.0,0.0,0.0,0,0.0,0.0,0.0,0.0,0.0,0.0,0.0,0.0,0.0,0,0,0,0,1,0,0,0,0,0,0,1.0,109.0,0,0,0.0,0.0,0.0,0.0,0.0,0.0,0.0,0.0,0.0,0.0,0.0,0.0,0.0,0.0,109.0,109.0,0,1,1,109,109
192.168.43.203,34.107.204.85,57170,443,6,2022-09-19 11:32:33,2820181.369781494,636.1292997758502,5.318806854313129,2.836696988967002,2.4821098653461267,8,7,1083,711,543.0,66.0,135.375,154.94671463119184,139.0,66.0,101.57142857142857,26.628969954099365,543,66,119.6,115.84403307896353,13419.839999999997,160,140,20,3,201419.01288713727,2259231.3289642334,-137.09068298339844,575903.4704723684,2754728.7940979004,2259231.3289642334,21.457672119140625,393532.68487112864,772980.5306673471,2714341.878890991,2364033.9374542236,0.0,452390.31314849854,860794.1983628678,0,0,0,0,1,0,0,0,0,0,0,0.875,119.6,501,294,2154490.9477233887,105777.26364135742,847908.8147481283,926736.3107036793,2259169.101715088,64835.548400878906,652294.7549819946,928635.812038588,0.0,0.0,210.0,4.0,0.0,293601280.0,135.375,101.57142857142857,0,8,7,1083,711
192.168.43.203,192.168.43.96,40642,53,17,2022-09-19 11:32:35,129898.0712890625,1247.131680958534,15.396687419241161,7.6983437096205805,7.6983437096205805,1,1,73,89,73.0,73.0,73.0,0.0,89.0,89.0,89.0,0.0,89,73,81.0,8.0,64.0,8,8,8,1,0.0,0.0,0.0,0.0,0,0.0,0.0,0.0,0.0,0.0,0.0,0.0,0.0,0.0,0,0,0,0,1,0,0,0,0,0,0,1.0,81.0,0,0,0.0,0.0,0.0,0.0,0.0,0.0,0.0,0.0,0.0,0.0,0.0,0.0,0.0,0.0,73.0,89.0,0,1,1,73,89
192.168.43.203,192.168.43.96,49848,53,17,2022-09-19 11:32:35,3266.0961151123047,44701.685086502664,612.3518505000364,306.1759252500182,306.1759252500182,1,1,73,73,73.0,73.0,73.0,0.0,73.0,73.0,73.0,0.0,73,73,73.0,0.0,0.0,8,8,8,1,0.0,0.0,0.0,0.0,0,0.0,0.0,0.0,0.0,0.0,0.0,0.0,0.0,0.0,0,0,0,0,1,0,0,0,0,0,0,1.0,73.0,0,0,0.0,0.0,0.0,0.0,0.0,0.0,0.0,0.0,0.0,0.0,0.0,0.0,0.0,0.0,73.0,73.0,0,1,1,73,73
192.168.43.203,34.107.204.85,55117,443,17,2022-09-19 11:32:35,334871.5305328369,15734.392205918894,23.889758521038367,8.958659445389387,14.931099075648978,3,5,1717,3552,1399.0,73.0,572.3333333333334,588.744049274008,1399.0,70.0,710.4,585.4808621979031,1399,70,658.625,590.5018919317702,348692.484375,24,40,8,3,47838.790076119556,160091.87698364258,0.2384185791015625,52795.052498077726,285614.2520904541,216661.4532470703,68952.79884338379,142807.12604522705,73854.32720184326,174779.65354919434,70235.4907989502,0.2384185791015625,43694.913387298584,26296.141536504852,0,0,0,0,1,0,0,0,0,0,0,1.6666666666666667,658.625,0,0,157405.13801574707,66144.94323730469,111775.04062652588,45630.09738922119,160091.87698364258,47853.46984863281,90935.78656514485,49391.2695750158,0.0,0.0,0.0,0.0,0.0,0.0,572.3333333333334,710.4,0,3,5,1717,3552
192.168.43.203,192.168.43.96,52796,53,17,2022-09-19 11:32:38,44990.30113220215,3734.138153606461,44.454025638172155,22.227012819086077,22.227012819086077,1,1,76,92,76.0,76.0,76.0,0.0,92.0,92.0,92.0,0.0,92,76,84.0,8.0,64.0,8,8,8,1,0.0,0.0,0.0,0.0,0,0.0,0.0,0.0,0.0,0.0,0.0,0.0,0.0,0.0,0,0,0,0,1,0,0,0,0,0,0,1.0,84.0,0,0,0.0,0.0,0.0,0.0,0.0,0.0,0.0,0.0,0.0,0.0,0.0,0.0,0.0,0.0,76.0,92.0,0,1,1,76,92
192.168.43.203,192.168.43.96,34326,53,17,2022-09-19 11:32:38,1613.8553619384766,94184.40065002216,1239.2684296055547,619.6342148027774,619.6342148027774,1,1,76,76,76.0,76.0,76.0,0.0,76.0,76.0,76.0,0.0,76,76,76.0,0.0,0.0,8,8,8,1,0.0,0.0,0.0,0.0,0,0.0,0.0,0.0,0.0,0.0,0.0,0.0,0.0,0.0,0,0,0,0,1,0,0,0,0,0,0,1.0,76.0,0,0,0.0,0.0,0.0,0.0,0.0,0.0,0.0,0.0,0.0,0.0,0.0,0.0,0.0,0.0,76.0,76.0,0,1,1,76,76
192.168.43.203,35.186.228.49,55854,443,6,2022-09-19 11:31:40,98186825.27542114,2150.6958739897423,5.5302735216954595,2.6174591069534676,2.9128144147419914,257,286,147211,63959,1442.0,66.0,572.8054474708172,608.971347624118,1442.0,66.0,223.63286713286712,363.96813840348506,1442,66,388.89502762430936,525.0595073116659,275687.48621836933,5140,5720,20,159,181149.92305361477,13243623.733520508,-170.70770263671875,1415860.3821730297,98165205.47866821,13247174.501419067,3.814697265625,383457.8339010477,2047321.191742575,98090867.0425415,16793951.749801636,0.0,344178.4808510228,2045132.2729725267,0,0,0,0,1,0,0,0,0,0,0,1.11284046692607,388.89502762430936,910,1050,13243610.382080078,3619.670867919922,943950.7341384888,3182779.3915098365,13240072.965621948,5107.879638671875,793417.5900050572,2927226.379270506,11183.636363636364,12.818181818181818,2207.75,6.8,32895.62320897131,74591.13439248738,572.8054474708172,223.63286713286712,0,257,286,147211,63959
172.217.19.16,192.168.43.203,443,41798,17,2022-09-19 11:31:41,97714198.58932495,14693.176843563146,14.450305281982406,10.592114707402116,3.858190574580288,1035,377,1403748,31984,1399.0,71.0,1356.2782608695652,199.1938338414462,610.0,71.0,84.83819628647215,71.7282879647866,1399,71,1016.8073654390935,588.9264093103178,346834.315583144,8280,3016,8,1035,69251.73535742378,16986072.301864624,0.0,917395.0621929379,97714198.58932495,17059870.958328247,0.0,94501.15917729685,1078714.9911984103,97708901.1669159,16986072.301864624,122.54714965820312,259864.09884818055,1763967.655165228,0,0,0,0,1,0,0,0,0,0,0,0.3642512077294686,1016.8073654390935,0,0,16965253.353118896,298.7384796142578,1102503.8624918738,3553111.2927044723,16985767.364501953,5245.208740234375,1068563.236279434,3503184.3410292044,10081.433962264151,7.679245283018868,0.0,0.0,4942098.970741045,0.0,1356.2782608695652,84.83819628647215,0,1035,377,1403748,31984
34.117.46.154,192.168.43.203,443,52815,17,2022-09-19 11:31:42,96694462.29934692,157.39267418319145,0.6929042098872349,0.3102556163674186,0.3826485935198163,30,37,2535,12684,130.0,70.0,84.5,25.11672749384362,1399.0,71.0,342.81081081081084,511.5002754398264,1399,70,227.1492537313433,401.57831353601273,161265.14190242815,240,296,8,30,1465067.6105961655,16279408.45489502,51.975250244140625,3905746.3940633666,96694462.29934692,16374761.34300232,51.975250244140625,3334291.803425756,5402294.849302775,96688523.2925415,16375622.987747192,52.21366882324219,2685792.3136817086,5027635.93421199,0,0,0,0,1,0,0,0,0,0,0,1.2333333333333334,227.1492537313433,0,0,16279331.20727539,509.50050354003906,4151518.6973240064,5717177.929854963,16183193.922042847,11253.595352172852,2897769.6173118823,5093234.624890369,0.0,0.0,184.0,6.0,0.0,286.4044194679553,84.5,342.81081081081084,0,30,37,2535,12684
192.168.43.203,192.168.43.96,42854,53,17,2022-09-19 11:32:39,1336.5745544433594,116716.27256510881,1496.3624687834463,748.1812343917231,748.1812343917231,1,1,78,78,78.0,78.0,78.0,0.0,78.0,78.0,78.0,0.0,78,78,78.0,0.0,0.0,8,8,8,1,0.0,0.0,0.0,0.0,0,0.0,0.0,0.0,0.0,0.0,0.0,0.0,0.0,0.0,0,0,0,0,1,0,0,0,0,0,0,1.0,78.0,0,0,0.0,0.0,0.0,0.0,0.0,0.0,0.0,0.0,0.0,0.0,0.0,0.0,0.0,0.0,78.0,78.0,0,1,1,78,78
192.168.43.203,192.168.43.96,45798,53,17,2022-09-19 11:32:39,1496.3150024414062,104256.12237093691,1336.61695347355,668.308476736775,668.308476736775,1,1,78,78,78.0,78.0,78.0,0.0,78.0,78.0,78.0,0.0,78,78,78.0,0.0,0.0,8,8,8,1,0.0,0.0,0.0,0.0,0,0.0,0.0,0.0,0.0,0.0,0.0,0.0,0.0,0.0,0,0,0,0,1,0,0,0,0,0,0,1.0,78.0,0,0,0.0,0.0,0.0,0.0,0.0,0.0,0.0,0.0,0.0,0.0,0.0,0.0,0.0,0.0,78.0,78.0,0,1,1,78,78
192.168.43.203,44.239.126.203,38134,443,6,2022-09-19 11:32:14,30399044.275283813,63.91648311061449,0.46054079441513274,0.2631661682372187,0.19737462617791401,8,6,1095,848,336.0,66.0,136.875,89.80873774305037,254.0,66.0,141.33333333333334,81.16375764807563,336,66,138.78571428571428,86.23819055502082,7437.025510204082,160,120,20,4,2338367.6638970007,29603399.03831482,-158.3099365234375,7872023.05312737,30399044.275283813,29603399.03831482,40.531158447265625,4342720.610754831,10314088.07382308,30002716.064453125,30002714.157104492,0.2384185791015625,6000543.212890625,12001085.472106935,0,0,0,0,1,0,0,0,0,0,0,0.75,138.78571428571428,501,300,29603350.400924683,264.4062042236328,9999810.298283895,13862736.711536488,29603350.162506104,395600.5573272705,10132671.117782593,13767849.259378878,0.0,0.0,0.0,0.0,0.0,0.0,136.875,141.33333333333334,0,8,6,1095,848
192.168.43.203,192.168.43.96,53194,53,17,2022-09-19 11:32:43,2988.100051879883,50868.44394797734,669.3216308944387,334.66081544721936,334.66081544721936,1,1,76,76,76.0,76.0,76.0,0.0,76.0,76.0,76.0,0.0,76,76,76.0,0.0,0.0,8,8,8,1,0.0,0.0,0.0,0.0,0,0.0,0.0,0.0,0.0,0.0,0.0,0.0,0.0,0.0,0,0,0,0,1,0,0,0,0,0,0,1.0,76.0,0,0,0.0,0.0,0.0,0.0,0.0,0.0,0.0,0.0,0.0,0.0,0.0,0.0,0.0,0.0,76.0,76.0,0,1,1,76,76
192.168.43.203,35.186.194.58,47948,443,6,2022-09-19 11:32:44,94583.03451538086,4155.079206473242,52.86360313579189,31.718161881475133,21.145441254316754,3,2,261,132,105.0,66.0,87.0,16.06237840420901,66.0,66.0,66.0,0.0,105,66,78.6,16.144348856488453,260.64,60,40,20,2,23645.758628845215,93919.51560974121,0.2384185791015625,40572.94973470964,94583.03451538086,94094.51484680176,488.51966857910156,47291.51725769043,46802.99758911133,0.0,0.0,0.0,0.0,0.0,0,0,0,0,1,0,0,0,0,0,0,0.6666666666666666,78.6,501,276,0.0,0.0,0.0,0.0,0.0,0.0,0.0,0.0,0.0,0.0,0.0,0.0,0.0,0.0,87.0,66.0,0,3,2,261,132
192.168.43.203,192.168.43.96,39150,53,17,2022-09-19 11:32:44,42650.461196899414,6471.207866330517,46.892810625583465,23.446405312791732,23.446405312791732,1,1,74,202,74.0,74.0,74.0,0.0,202.0,202.0,202.0,0.0,202,74,138.0,64.0,4096.0,8,8,8,1,0.0,0.0,0.0,0.0,0,0.0,0.0,0.0,0.0,0.0,0.0,0.0,0.0,0.0,0,0,0,0,1,0,0,0,0,0,0,1.0,138.0,0,0,0.0,0.0,0.0,0.0,0.0,0.0,0.0,0.0,0.0,0.0,0.0,0.0,0.0,0.0,74.0,202.0,0,1,1,74,202
192.168.43.203,192.168.43.96,36563,53,17,2022-09-19 11:32:44,3575.0865936279297,41397.598666222075,559.427009003001,279.7135045015005,279.7135045015005,1,1,74,74,74.0,74.0,74.0,0.0,74.0,74.0,74.0,0.0,74,74,74.0,0.0,0.0,8,8,8,1,0.0,0.0,0.0,0.0,0,0.0,0.0,0.0,0.0,0.0,0.0,0.0,0.0,0.0,0,0,0,0,1,0,0,0,0,0,0,1.0,74.0,0,0,0.0,0.0,0.0,0.0,0.0,0.0,0.0,0.0,0.0,0.0,0.0,0.0,0.0,0.0,74.0,74.0,0,1,1,74,74
192.168.43.203,192.168.43.96,56518,53,17,2022-09-19 11:32:52,3268.003463745117,47735.56752024513,611.9944553877581,305.99722769387904,305.99722769387904,1,1,78,78,78.0,78.0,78.0,0.0,78.0,78.0,78.0,0.0,78,78,78.0,0.0,0.0,8,8,8,1,0.0,0.0,0.0,0.0,0,0.0,0.0,0.0,0.0,0.0,0.0,0.0,0.0,0.0,0,0,0,0,1,0,0,0,0,0,0,1.0,78.0,0,0,0.0,0.0,0.0,0.0,0.0,0.0,0.0,0.0,0.0,0.0,0.0,0.0,0.0,0.0,78.0,78.0,0,1,1,78,78
192.168.43.203,192.168.43.96,42981,53,17,2022-09-19 11:32:52,5301.237106323242,29427.093501236788,377.27042950303576,188.63521475151788,188.63521475151788,1,1,78,78,78.0,78.0,78.0,0.0,78.0,78.0,78.0,0.0,78,78,78.0,0.0,0.0,8,8,8,1,0.0,0.0,0.0,0.0,0,0.0,0.0,0.0,0.0,0.0,0.0,0.0,0.0,0.0,0,0,0,0,1,0,0,0,0,0,0,1.0,78.0,0,0,0.0,0.0,0.0,0.0,0.0,0.0,0.0,0.0,0.0,0.0,0.0,0.0,0.0,0.0,78.0,78.0,0,1,1,78,78
192.168.43.203,192.168.43.96,50728,53,17,2022-09-19 11:32:53,45236.11068725586,3713.8471333551183,44.212465873275214,22.106232936637607,22.106232936637607,1,1,76,92,76.0,76.0,76.0,0.0,92.0,92.0,92.0,0.0,92,76,84.0,8.0,64.0,8,8,8,1,0.0,0.0,0.0,0.0,0,0.0,0.0,0.0,0.0,0.0,0.0,0.0,0.0,0.0,0,0,0,0,1,0,0,0,0,0,0,1.0,84.0,0,0,0.0,0.0,0.0,0.0,0.0,0.0,0.0,0.0,0.0,0.0,0.0,0.0,0.0,0.0,76.0,92.0,0,1,1,76,92
192.168.43.203,192.168.43.96,57897,53,17,2022-09-19 11:32:53,4823.6846923828125,31511.180703835507,414.62079873467775,207.31039936733887,207.31039936733887,1,1,76,76,76.0,76.0,76.0,0.0,76.0,76.0,76.0,0.0,76,76,76.0,0.0,0.0,8,8,8,1,0.0,0.0,0.0,0.0,0,0.0,0.0,0.0,0.0,0.0,0.0,0.0,0.0,0.0,0,0,0,0,1,0,0,0,0,0,0,1.0,76.0,0,0,0.0,0.0,0.0,0.0,0.0,0.0,0.0,0.0,0.0,0.0,0.0,0.0,0.0,0.0,76.0,76.0,0,1,1,76,76
54.169.175.250,192.168.43.203,443,35984,6,2022-09-19 11:32:08,96806936.97929382,21.847607888393167,0.1962669266569599,0.09296854420592837,0.10329838245103153,9,10,744,1371,142.0,66.0,82.66666666666667,31.184041502737333,145.0,66.0,137.1,23.7,145,66,111.3157894736842,38.66462089025648,1494.9529085872575,180,200,20,2,5378163.165516323,14840775.01296997,82.73124694824219,5986795.1027207915,96806936.97929382,18480293.27392578,6595358.371734619,12100867.122411728,4184135.7996385605,75026094.67506409,15005359.888076782,763712.6445770264,8336232.741673787,5789861.730355867,0,0,0,0,1,0,0,0,0,0,0,1.1111111111111112,111.3157894736842,141,501,14595293.521881104,1604051.5899658203,10637223.422527313,4514830.164272397,14840775.01296997,132273.19717407227,9175417.375564575,5388675.3405953245,0.0,0.0,0.0,0.0,0.0,0.0,82.66666666666667,137.1,0,9,10,744,1371
192.168.43.203,192.168.43.96,49810,53,17,2022-09-19 11:32:56,41263.81874084473,5404.250183448603,48.4686115107498,24.2343057553749,24.2343057553749,1,1,72,151,72.0,72.0,72.0,0.0,151.0,151.0,151.0,0.0,151,72,111.5,39.5,1560.25,8,8,8,1,0.0,0.0,0.0,0.0,0,0.0,0.0,0.0,0.0,0.0,0.0,0.0,0.0,0.0,0,0,0,0,1,0,0,0,0,0,0,1.0,111.5,0,0,0.0,0.0,0.0,0.0,0.0,0.0,0.0,0.0,0.0,0.0,0.0,0.0,0.0,0.0,72.0,151.0,0,1,1,72,151
192.168.43.203,192.168.43.96,42533,53,17,2022-09-19 11:32:56,183552.02674865723,1514.5569619924324,10.89609325174412,5.44804662587206,5.44804662587206,1,1,72,206,72.0,72.0,72.0,0.0,206.0,206.0,206.0,0.0,206,72,139.0,67.0,4489.0,8,8,8,1,0.0,0.0,0.0,0.0,0,0.0,0.0,0.0,0.0,0.0,0.0,0.0,0.0,0.0,0,0,0,0,1,0,0,0,0,0,0,1.0,139.0,0,0,0.0,0.0,0.0,0.0,0.0,0.0,0.0,0.0,0.0,0.0,0.0,0.0,0.0,0.0,72.0,206.0,0,1,1,72,206
192.168.43.203,192.168.43.96,55270,53,17,2022-09-19 11:32:56,2332.2105407714844,93473.55060314864,857.5555101206297,428.77775506031486,428.77775506031486,1,1,109,109,109.0,109.0,109.0,0.0,109.0,109.0,109.0,0.0,109,109,109.0,0.0,0.0,8,8,8,1,0.0,0.0,0.0,0.0,0,0.0,0.0,0.0,0.0,0.0,0.0,0.0,0.0,0.0,0,0,0,0,1,0,0,0,0,0,0,1.0,109.0,0,0,0.0,0.0,0.0,0.0,0.0,0.0,0.0,0.0,0.0,0.0,0.0,0.0,0.0,0.0,109.0,109.0,0,1,1,109,109
192.168.43.203,192.168.43.96,32953,53,17,2022-09-19 11:32:58,2563.953399658203,59283.44876325088,780.0453784638274,390.0226892319137,390.0226892319137,1,1,76,76,76.0,76.0,76.0,0.0,76.0,76.0,76.0,0.0,76,76,76.0,0.0,0.0,8,8,8,1,0.0,0.0,0.0,0.0,0,0.0,0.0,0.0,0.0,0.0,0.0,0.0,0.0,0.0,0,0,0,0,1,0,0,0,0,0,0,1.0,76.0,0,0,0.0,0.0,0.0,0.0,0.0,0.0,0.0,0.0,0.0,0.0,0.0,0.0,0.0,0.0,76.0,76.0,0,1,1,76,76
192.168.43.203,34.237.73.95,39456,443,6,2022-09-19 11:32:58,325207.9486846924,2696.7360531839317,12.299822363438686,6.149911181719343,6.149911181719343,2,2,420,457,354.0,66.0,210.0,144.0,391.0,66.0,228.5,162.5,391,66,219.25,153.80730639342204,23656.6875,40,40,20,1,108402.64956156413,325022.69744873047,0.476837158203125,153173.5232807909,0,0.0,0.0,0.0,0.0,0.0,0.0,0.0,0.0,0.0,0,0,0,0,1,0,0,0,0,0,0,1.0,219.25,501,190,0.0,0.0,0.0,0.0,0.0,0.0,0.0,0.0,0.0,0.0,0.0,0.0,0.0,0.0,210.0,228.5,0,2,2,420,457
192.168.43.203,34.117.46.154,56458,443,6,2022-09-19 11:32:58,117010.11657714844,3358.683945425204,42.731347906173085,25.638808743703848,17.092539162469233,3,2,261,132,105.0,66.0,87.0,16.06237840420901,66.0,66.0,66.0,0.0,105,66,78.6,16.144348856488453,260.64,60,40,20,2,29252.52914428711,116437.43515014648,0.476837158203125,50336.46262134726,117010.11657714844,116583.10890197754,427.00767517089844,58505.05828857422,58078.05061340332,0.0,0.0,0.0,0.0,0.0,0,0,0,0,1,0,0,0,0,0,0,0.6666666666666666,78.6,501,282,0.0,0.0,0.0,0.0,0.0,0.0,0.0,0.0,0.0,0.0,0.0,0.0,0.0,0.0,87.0,66.0,0,3,2,261,132
192.168.43.203,192.168.43.96,59972,53,17,2022-09-19 11:33:04,365376.23405456543,585.6976454797034,5.47380977083835,2.736904885419175,2.736904885419175,1,1,99,115,99.0,99.0,99.0,0.0,115.0,115.0,115.0,0.0,115,99,107.0,8.0,64.0,8,8,8,1,0.0,0.0,0.0,0.0,0,0.0,0.0,0.0,0.0,0.0,0.0,0.0,0.0,0.0,0,0,0,0,1,0,0,0,0,0,0,1.0,107.0,0,0,0.0,0.0,0.0,0.0,0.0,0.0,0.0,0.0,0.0,0.0,0.0,0.0,0.0,0.0,99.0,115.0,0,1,1,99,115
192.168.43.203,192.168.43.96,57117,53,17,2022-09-19 11:33:04,183557.74879455566,1585.3321470274595,10.895753587817591,5.4478767939087955,5.4478767939087955,1,1,99,192,99.0,99.0,99.0,0.0,192.0,192.0,192.0,0.0,192,99,145.5,46.5,2162.25,8,8,8,1,0.0,0.0,0.0,0.0,0,0.0,0.0,0.0,0.0,0.0,0.0,0.0,0.0,0.0,0,0,0,0,1,0,0,0,0,0,0,1.0,145.5,0,0,0.0,0.0,0.0,0.0,0.0,0.0,0.0,0.0,0.0,0.0,0.0,0.0,0.0,0.0,99.0,192.0,0,1,1,99,192
192.168.43.203,192.168.43.96,34639,53,17,2022-09-19 11:33:05,2365.589141845703,65945.51743600081,845.4553517436001,422.72767587180005,422.72767587180005,1,1,78,78,78.0,78.0,78.0,0.0,78.0,78.0,78.0,0.0,78,78,78.0,0.0,0.0,8,8,8,1,0.0,0.0,0.0,0.0,0,0.0,0.0,0.0,0.0,0.0,0.0,0.0,0.0,0.0,0,0,0,0,1,0,0,0,0,0,0,1.0,78.0,0,0,0.0,0.0,0.0,0.0,0.0,0.0,0.0,0.0,0.0,0.0,0.0,0.0,0.0,0.0,78.0,78.0,0,1,1,78,78
192.168.43.203,192.168.43.96,48138,53,17,2022-09-19 11:33:05,2922.05810546875,53387.02872062663,684.4490861618799,342.22454308093995,342.22454308093995,1,1,78,78,78.0,78.0,78.0,0.0,78.0,78.0,78.0,0.0,78,78,78.0,0.0,0.0,8,8,8,1,0.0,0.0,0.0,0.0,0,0.0,0.0,0.0,0.0,0.0,0.0,0.0,0.0,0.0,0,0,0,0,1,0,0,0,0,0,0,1.0,78.0,0,0,0.0,0.0,0.0,0.0,0.0,0.0,0.0,0.0,0.0,0.0,0.0,0.0,0.0,0.0,78.0,78.0,0,1,1,78,78
192.168.43.203,192.168.43.96,42470,53,17,2022-09-19 11:33:08,2968.0728912353516,51211.68029560607,673.8378986263957,336.91894931319786,336.91894931319786,1,1,76,76,76.0,76.0,76.0,0.0,76.0,76.0,76.0,0.0,76,76,76.0,0.0,0.0,8,8,8,1,0.0,0.0,0.0,0.0,0,0.0,0.0,0.0,0.0,0.0,0.0,0.0,0.0,0.0,0,0,0,0,1,0,0,0,0,0,0,1.0,76.0,0,0,0.0,0.0,0.0,0.0,0.0,0.0,0.0,0.0,0.0,0.0,0.0,0.0,0.0,0.0,76.0,76.0,0,1,1,76,76
192.168.43.203,40.76.174.66,38616,443,6,2022-09-19 11:32:09,102138817.07191467,97.01502606029983,0.39162388156342653,0.23497432893805592,0.1566495526253706,24,16,8331,1578,1442.0,54.0,347.125,514.8160118349726,173.0,54.0,98.625,36.02408048791808,1442,54,247.725,417.5655030950234,174360.94937500003,480,320,20,13,2618936.055745834,27554200.887680054,-126.36184692382812,7615462.842102721,102138817.07191467,27554200.887680054,5.0067901611328125,4440818.133561508,9499955.174148168,101783228.39736938,27888890.981674194,0.0,6785548.559824626,11263065.400486212,0,0,0,0,1,0,0,0,0,0,0,0.6666666666666666,247.725,501,2049,27554195.165634155,47.44529724121094,10179823.350906372,12218456.794211337,27554172.039031982,269009.1133117676,10213272.190093994,12190949.09478543,0.0,0.0,0.0,0.0,0.0,0.0,347.125,98.625,0,24,16,8331,1578
192.168.43.203,104.16.101.12,50004,443,6,2022-09-19 11:33:11,122559.3090057373,2398.8385899453556,32.63725972714769,16.318629863573847,16.318629863573847,2,2,147,147,93.0,54.0,73.5,19.5,93.0,54.0,73.5,19.5,93,54,73.5,19.5,380.25,40,40,20,1,40853.10300191244,122488.49868774414,0.476837158203125,57724.94891913085,0,0.0,0.0,0.0,0.0,0.0,0.0,0.0,0.0,0.0,0,0,0,0,1,0,0,0,0,0,0,1.0,73.5,501,8,0.0,0.0,0.0,0.0,0.0,0.0,0.0,0.0,0.0,0.0,0.0,0.0,0.0,0.0,73.5,73.5,0,2,2,147,147
192.168.43.203,192.168.43.96,33617,53,17,2022-09-19 11:33:19,5325.794219970703,29291.40585549288,375.53084430119077,187.76542215059538,187.76542215059538,1,1,78,78,78.0,78.0,78.0,0.0,78.0,78.0,78.0,0.0,78,78,78.0,0.0,0.0,8,8,8,1,0.0,0.0,0.0,0.0,0,0.0,0.0,0.0,0.0,0.0,0.0,0.0,0.0,0.0,0,0,0,0,1,0,0,0,0,0,0,1.0,78.0,0,0,0.0,0.0,0.0,0.0,0.0,0.0,0.0,0.0,0.0,0.0,0.0,0.0,0.0,0.0,78.0,78.0,0,1,1,78,78
192.168.43.203,192.168.43.96,56363,53,17,2022-09-19 11:33:19,4645.586013793945,33580.26297151655,430.51619194251987,215.25809597125993,215.25809597125993,1,1,78,78,78.0,78.0,78.0,0.0,78.0,78.0,78.0,0.0,78,78,78.0,0.0,0.0,8,8,8,1,0.0,0.0,0.0,0.0,0,0.0,0.0,0.0,0.0,0.0,0.0,0.0,0.0,0.0,0,0,0,0,1,0,0,0,0,0,0,1.0,78.0,0,0,0.0,0.0,0.0,0.0,0.0,0.0,0.0,0.0,0.0,0.0,0.0,0.0,0.0,0.0,78.0,78.0,0,1,1,78,78
35.244.180.134,192.168.43.203,443,59686,6,2022-09-19 11:32:33,90324423.78997803,110.08096794638206,0.7639129828321796,0.40963449804044416,0.35427848479173546,37,32,6361,3582,374.0,66.0,171.9189189189189,98.06103404936775,319.0,66.0,111.9375,90.00969999811132,374,66,144.1014492753623,99.03756349692195,9808.438983406846,740,640,20,27,1328289.021463955,30002002.477645874,-156.87942504882812,5471148.26905286,90323949.5754242,30002147.436141968,0.0,2508998.599317339,7319811.331971391,90324358.46328735,30002110.481262207,13.3514404296875,2913688.9826866887,7814250.563121747,0,0,0,0,1,0,0,0,0,0,0,0.8648648648648649,144.1014492753623,387,501,30001434.564590454,64.849853515625,5625998.5268116,10151634.89793803,30001905.67970276,6975.1739501953125,4512612.6408576965,9349136.43370114,749.0,4.0,0.0,0.0,4106579.9947712417,0.0,171.9189189189189,111.9375,0,37,32,6361,3582
192.168.43.203,192.168.43.96,52253,53,17,2022-09-19 11:33:23,2310.7528686523438,65779.42715641766,865.5187783739167,432.75938918695834,432.75938918695834,1,1,76,76,76.0,76.0,76.0,0.0,76.0,76.0,76.0,0.0,76,76,76.0,0.0,0.0,8,8,8,1,0.0,0.0,0.0,0.0,0,0.0,0.0,0.0,0.0,0.0,0.0,0.0,0.0,0.0,0,0,0,0,1,0,0,0,0,0,0,1.0,76.0,0,0,0.0,0.0,0.0,0.0,0.0,0.0,0.0,0.0,0.0,0.0,0.0,0.0,0.0,0.0,76.0,76.0,0,1,1,76,76
192.168.43.203,192.168.43.96,58525,53,17,2022-09-19 11:33:23,1766.6816711425781,86037.00512820513,1132.0658569500674,566.0329284750337,566.0329284750337,1,1,76,76,76.0,76.0,76.0,0.0,76.0,76.0,76.0,0.0,76,76,76.0,0.0,0.0,8,8,8,1,0.0,0.0,0.0,0.0,0,0.0,0.0,0.0,0.0,0.0,0.0,0.0,0.0,0.0,0,0,0,0,1,0,0,0,0,0,0,1.0,76.0,0,0,0.0,0.0,0.0,0.0,0.0,0.0,0.0,0.0,0.0,0.0,0.0,0.0,0.0,0.0,76.0,76.0,0,1,1,76,76
192.168.43.203,192.168.43.96,44214,53,17,2022-09-19 11:33:23,46314.47792053223,5052.415799688042,43.18304102297472,21.59152051148736,21.59152051148736,1,1,109,125,109.0,109.0,109.0,0.0,125.0,125.0,125.0,0.0,125,109,117.0,8.0,64.0,8,8,8,1,0.0,0.0,0.0,0.0,0,0.0,0.0,0.0,0.0,0.0,0.0,0.0,0.0,0.0,0,0,0,0,1,0,0,0,0,0,0,1.0,117.0,0,0,0.0,0.0,0.0,0.0,0.0,0.0,0.0,0.0,0.0,0.0,0.0,0.0,0.0,0.0,109.0,125.0,0,1,1,109,125
192.168.43.203,192.168.43.96,60061,53,17,2022-09-19 11:33:23,3011.7034912109375,72384.28372387587,664.0759974667511,332.03799873337556,332.03799873337556,1,1,109,109,109.0,109.0,109.0,0.0,109.0,109.0,109.0,0.0,109,109,109.0,0.0,0.0,8,8,8,1,0.0,0.0,0.0,0.0,0,0.0,0.0,0.0,0.0,0.0,0.0,0.0,0.0,0.0,0,0,0,0,1,0,0,0,0,0,0,1.0,109.0,0,0,0.0,0.0,0.0,0.0,0.0,0.0,0.0,0.0,0.0,0.0,0.0,0.0,0.0,0.0,109.0,109.0,0,1,1,109,109
192.168.43.203,192.168.43.96,35764,53,17,2022-09-19 11:33:28,70859.43222045898,2145.091983338156,28.224894517607318,14.112447258803659,14.112447258803659,1,1,76,76,76.0,76.0,76.0,0.0,76.0,76.0,76.0,0.0,76,76,76.0,0.0,0.0,8,8,8,1,0.0,0.0,0.0,0.0,0,0.0,0.0,0.0,0.0,0.0,0.0,0.0,0.0,0.0,0,0,0,0,1,0,0,0,0,0,0,1.0,76.0,0,0,0.0,0.0,0.0,0.0,0.0,0.0,0.0,0.0,0.0,0.0,0.0,0.0,0.0,0.0,76.0,76.0,0,1,1,76,76
192.168.43.203,192.168.43.96,57555,53,17,2022-09-19 11:33:31,69459.67674255371,2073.145265759349,28.793684246657627,14.396842123328813,14.396842123328813,1,1,72,72,72.0,72.0,72.0,0.0,72.0,72.0,72.0,0.0,72,72,72.0,0.0,0.0,8,8,8,1,0.0,0.0,0.0,0.0,0,0.0,0.0,0.0,0.0,0.0,0.0,0.0,0.0,0.0,0,0,0,0,1,0,0,0,0,0,0,1.0,72.0,0,0,0.0,0.0,0.0,0.0,0.0,0.0,0.0,0.0,0.0,0.0,0.0,0.0,0.0,0.0,72.0,72.0,0,1,1,72,72
192.168.43.203,192.168.43.96,49011,53,17,2022-09-19 11:33:32,30805.82618713379,9998.108738555364,64.92278401659327,32.461392008296635,32.461392008296635,1,1,82,226,82.0,82.0,82.0,0.0,226.0,226.0,226.0,0.0,226,82,154.0,72.0,5184.0,8,8,8,1,0.0,0.0,0.0,0.0,0,0.0,0.0,0.0,0.0,0.0,0.0,0.0,0.0,0.0,0,0,0,0,1,0,0,0,0,0,0,1.0,154.0,0,0,0.0,0.0,0.0,0.0,0.0,0.0,0.0,0.0,0.0,0.0,0.0,0.0,0.0,0.0,82.0,226.0,0,1,1,82,226
192.168.43.203,192.168.43.96,38149,53,17,2022-09-19 11:33:32,36765.57540893555,7507.022450488308,54.39871340933556,27.19935670466778,27.19935670466778,1,1,82,194,82.0,82.0,82.0,0.0,194.0,194.0,194.0,0.0,194,82,138.0,56.0,3136.0,8,8,8,1,0.0,0.0,0.0,0.0,0,0.0,0.0,0.0,0.0,0.0,0.0,0.0,0.0,0.0,0,0,0,0,1,0,0,0,0,0,0,1.0,138.0,0,0,0.0,0.0,0.0,0.0,0.0,0.0,0.0,0.0,0.0,0.0,0.0,0.0,0.0,0.0,82.0,194.0,0,1,1,82,194
192.168.43.203,192.168.43.96,59473,53,17,2022-09-19 11:33:32,2678.394317626953,58243.851166102904,746.7160405910629,373.35802029553145,373.35802029553145,1,1,78,78,78.0,78.0,78.0,0.0,78.0,78.0,78.0,0.0,78,78,78.0,0.0,0.0,8,8,8,1,0.0,0.0,0.0,0.0,0,0.0,0.0,0.0,0.0,0.0,0.0,0.0,0.0,0.0,0,0,0,0,1,0,0,0,0,0,0,1.0,78.0,0,0,0.0,0.0,0.0,0.0,0.0,0.0,0.0,0.0,0.0,0.0,0.0,0.0,0.0,0.0,78.0,78.0,0,1,1,78,78
192.168.43.203,192.168.43.96,37708,53,17,2022-09-19 11:33:32,43617.963790893555,5456.467457788322,45.8526677125069,22.92633385625345,22.92633385625345,1,1,79,159,79.0,79.0,79.0,0.0,159.0,159.0,159.0,0.0,159,79,119.0,40.0,1600.0,8,8,8,1,0.0,0.0,0.0,0.0,0,0.0,0.0,0.0,0.0,0.0,0.0,0.0,0.0,0.0,0,0,0,0,1,0,0,0,0,0,0,1.0,119.0,0,0,0.0,0.0,0.0,0.0,0.0,0.0,0.0,0.0,0.0,0.0,0.0,0.0,0.0,0.0,79.0,159.0,0,1,1,79,159
192.168.43.203,192.168.43.96,48969,53,17,2022-09-19 11:33:32,4396.200180053711,35485.19030316178,454.9383372200228,227.4691686100114,227.4691686100114,1,1,78,78,78.0,78.0,78.0,0.0,78.0,78.0,78.0,0.0,78,78,78.0,0.0,0.0,8,8,8,1,0.0,0.0,0.0,0.0,0,0.0,0.0,0.0,0.0,0.0,0.0,0.0,0.0,0.0,0,0,0,0,1,0,0,0,0,0,0,1.0,78.0,0,0,0.0,0.0,0.0,0.0,0.0,0.0,0.0,0.0,0.0,0.0,0.0,0.0,0.0,0.0,78.0,78.0,0,1,1,78,78
192.168.43.203,75.2.88.188,33658,443,6,2022-09-19 11:33:25,7376050.94909668,668.7860528680496,1.8980346118290483,0.9490173059145242,0.9490173059145242,7,7,1715,3218,1186.0,66.0,245.0,385.4122097554402,1442.0,66.0,459.7142857142857,596.5945534653243,1442,66,352.35714285714283,513.5750893968471,263759.3724489796,140,140,20,3,567388.5345458984,6385040.998458862,20.742416381835938,1685779.9380912897,7376050.94909668,6385040.998458862,56.743621826171875,1229341.8248494465,2317279.6450054455,7303657.77015686,6459168.910980225,486.3739013671875,1217276.2950261433,2351596.0723699047,0,0,0,0,1,0,0,0,0,0,0,1.0,352.35714285714283,501,1195,6384984.254837036,40636.06262207031,1806583.9409828186,2648731.4750814256,6384945.392608643,9711.742401123047,1206015.706062317,2321310.78104025,0.0,0.0,0.0,0.0,0.0,0.0,245.0,459.7142857142857,0,7,7,1715,3218
192.168.43.203,192.168.43.96,36838,53,17,2022-09-19 11:33:33,3584.8617553710938,42400.51928704443,557.9015695663741,278.95078478318703,278.95078478318703,1,1,76,76,76.0,76.0,76.0,0.0,76.0,76.0,76.0,0.0,76,76,76.0,0.0,0.0,8,8,8,1,0.0,0.0,0.0,0.0,0,0.0,0.0,0.0,0.0,0.0,0.0,0.0,0.0,0.0,0,0,0,0,1,0,0,0,0,0,0,1.0,76.0,0,0,0.0,0.0,0.0,0.0,0.0,0.0,0.0,0.0,0.0,0.0,0.0,0.0,0.0,0.0,76.0,76.0,0,1,1,76,76
192.168.43.203,34.107.204.85,57170,443,6,2022-09-19 11:33:34,75049.87716674805,4556.969483642648,53.29788869757483,26.648944348787413,26.648944348787413,2,2,171,171,105.0,66.0,85.5,19.5,105.0,66.0,85.5,19.5,105,66,85.5,19.5,380.25,40,40,20,1,25016.625722249348,72401.52359008789,29.325485229492188,33522.85836416955,0,0.0,0.0,0.0,0.0,0.0,0.0,0.0,0.0,0.0,0,0,0,0,1,0,0,0,0,0,0,1.0,85.5,501,294,0.0,0.0,0.0,0.0,0.0,0.0,0.0,0.0,0.0,0.0,0.0,0.0,0.0,0.0,85.5,85.5,0,2,2,171,171
172.67.68.36,192.168.43.203,443,59452,6,2022-09-19 11:32:41,102343255.04302979,14.4415965603066,0.20519183204765803,0.1172524754558046,0.08793935659185345,12,9,823,655,79.0,54.0,68.58333333333333,12.325166214790869,83.0,54.0,72.77777777777777,12.108562422955801,83,54,70.38095238095238,12.407663493933287,153.9501133786848,240,180,20,7,5117162.752151489,25595273.25630188,17.404556274414062,10129435.70722224,102343255.04302979,25595273.25630188,1643.6576843261719,9303932.276639072,12149190.212941945,102137506.72340393,25724526.405334473,1404.2854309082031,12767188.340425491,12759211.053580072,0,0,0,0,1,0,0,0,0,0,0,0.75,70.38095238095238,8,501,25593868.97087097,17.404556274414062,20299053.90739441,10150210.816086248,25466088.29498291,28518.9151763916,10169863.748550415,12292985.311721092,0.0,0.0,0.0,0.0,0.0,0.0,68.58333333333333,72.77777777777777,0,12,9,823,655
192.168.43.203,192.168.43.96,52532,53,17,2022-09-19 11:33:45,2853.870391845703,54662.60852130326,700.8026733500418,350.4013366750209,350.4013366750209,1,1,78,78,78.0,78.0,78.0,0.0,78.0,78.0,78.0,0.0,78,78,78.0,0.0,0.0,8,8,8,1,0.0,0.0,0.0,0.0,0,0.0,0.0,0.0,0.0,0.0,0.0,0.0,0.0,0.0,0,0,0,0,1,0,0,0,0,0,0,1.0,78.0,0,0,0.0,0.0,0.0,0.0,0.0,0.0,0.0,0.0,0.0,0.0,0.0,0.0,0.0,0.0,78.0,78.0,0,1,1,78,78
192.168.43.203,192.168.43.96,38753,53,17,2022-09-19 11:33:45,3232.0022583007812,48267.29300678666,618.8114488049572,309.4057244024786,309.4057244024786,1,1,78,78,78.0,78.0,78.0,0.0,78.0,78.0,78.0,0.0,78,78,78.0,0.0,0.0,8,8,8,1,0.0,0.0,0.0,0.0,0,0.0,0.0,0.0,0.0,0.0,0.0,0.0,0.0,0.0,0,0,0,0,1,0,0,0,0,0,0,1.0,78.0,0,0,0.0,0.0,0.0,0.0,0.0,0.0,0.0,0.0,0.0,0.0,0.0,0.0,0.0,0.0,78.0,78.0,0,1,1,78,78
192.168.43.203,192.168.43.96,38799,53,17,2022-09-19 11:33:48,2086.639404296875,72844.40219378428,958.4789762340037,479.2394881170018,479.2394881170018,1,1,76,76,76.0,76.0,76.0,0.0,76.0,76.0,76.0,0.0,76,76,76.0,0.0,0.0,8,8,8,1,0.0,0.0,0.0,0.0,0,0.0,0.0,0.0,0.0,0.0,0.0,0.0,0.0,0.0,0,0,0,0,1,0,0,0,0,0,0,1.0,76.0,0,0,0.0,0.0,0.0,0.0,0.0,0.0,0.0,0.0,0.0,0.0,0.0,0.0,0.0,0.0,76.0,76.0,0,1,1,76,76
192.168.43.203,192.168.43.96,35998,53,17,2022-09-19 11:33:48,1643.1808471679688,92503.51247823563,1217.1514799767847,608.5757399883923,608.5757399883923,1,1,76,76,76.0,76.0,76.0,0.0,76.0,76.0,76.0,0.0,76,76,76.0,0.0,0.0,8,8,8,1,0.0,0.0,0.0,0.0,0,0.0,0.0,0.0,0.0,0.0,0.0,0.0,0.0,0.0,0,0,0,0,1,0,0,0,0,0,0,1.0,76.0,0,0,0.0,0.0,0.0,0.0,0.0,0.0,0.0,0.0,0.0,0.0,0.0,0.0,0.0,0.0,76.0,76.0,0,1,1,76,76
192.168.43.203,192.168.43.96,54222,53,17,2022-09-19 11:33:51,93336.58218383789,2507.0555887627015,21.427825544980358,10.713912772490179,10.713912772490179,1,1,109,125,109.0,109.0,109.0,0.0,125.0,125.0,125.0,0.0,125,109,117.0,8.0,64.0,8,8,8,1,0.0,0.0,0.0,0.0,0,0.0,0.0,0.0,0.0,0.0,0.0,0.0,0.0,0.0,0,0,0,0,1,0,0,0,0,0,0,1.0,117.0,0,0,0.0,0.0,0.0,0.0,0.0,0.0,0.0,0.0,0.0,0.0,0.0,0.0,0.0,0.0,109.0,125.0,0,1,1,109,125
192.168.43.203,192.168.43.96,37628,53,17,2022-09-19 11:33:51,1696.3481903076172,128511.3523541813,1179.003232607168,589.501616303584,589.501616303584,1,1,109,109,109.0,109.0,109.0,0.0,109.0,109.0,109.0,0.0,109,109,109.0,0.0,0.0,8,8,8,1,0.0,0.0,0.0,0.0,0,0.0,0.0,0.0,0.0,0.0,0.0,0.0,0.0,0.0,0,0,0,0,1,0,0,0,0,0,0,1.0,109.0,0,0,0.0,0.0,0.0,0.0,0.0,0.0,0.0,0.0,0.0,0.0,0.0,0.0,0.0,0.0,109.0,109.0,0,1,1,109,109
192.168.43.203,192.168.43.96,43819,53,17,2022-09-19 11:33:59,11700.39176940918,13332.886887417219,170.93444727457972,85.46722363728986,85.46722363728986,1,1,78,78,78.0,78.0,78.0,0.0,78.0,78.0,78.0,0.0,78,78,78.0,0.0,0.0,8,8,8,1,0.0,0.0,0.0,0.0,0,0.0,0.0,0.0,0.0,0.0,0.0,0.0,0.0,0.0,0,0,0,0,1,0,0,0,0,0,0,1.0,78.0,0,0,0.0,0.0,0.0,0.0,0.0,0.0,0.0,0.0,0.0,0.0,0.0,0.0,0.0,0.0,78.0,78.0,0,1,1,78,78
192.168.43.203,192.168.43.96,60775,53,17,2022-09-19 11:33:59,9724.617004394531,16041.762871432775,205.66362655683045,102.83181327841523,102.83181327841523,1,1,78,78,78.0,78.0,78.0,0.0,78.0,78.0,78.0,0.0,78,78,78.0,0.0,0.0,8,8,8,1,0.0,0.0,0.0,0.0,0,0.0,0.0,0.0,0.0,0.0,0.0,0.0,0.0,0.0,0,0,0,0,1,0,0,0,0,0,0,1.0,78.0,0,0,0.0,0.0,0.0,0.0,0.0,0.0,0.0,0.0,0.0,0.0,0.0,0.0,0.0,0.0,78.0,78.0,0,1,1,78,78
192.168.43.203,35.186.194.58,38120,443,17,2022-09-19 11:33:08,95514168.73931885,356.8894589140419,1.1830705485005497,0.7014666084029808,0.48160394009756885,67,46,29870,4218,1399.0,71.0,445.82089552238807,560.6663126943181,145.0,70.0,91.69565217391305,31.006920381282477,1399,70,301.6637168141593,465.87803885846574,217042.3470906101,536,368,8,67,852805.0780296326,14522476.196289062,26.941299438476562,2822096.445657578,95485581.39801025,14592730.522155762,26.941299438476562,1446751.2333031856,3588921.779134261,95422830.58166504,14614971.399307251,10740.041732788086,2120507.3462592233,4201200.415408315,0,0,0,0,1,0,0,0,0,0,0,0.6865671641791045,301.6637168141593,0,0,14522432.804107666,26.941299438476562,2602232.3701116773,4500126.642159947,14452221.870422363,14324.665069580078,1644015.768118072,3756961.036634287,1581.5,4.5,0.0,0.0,7364.20372401604,0.0,445.82089552238807,91.69565217391305,0,67,46,29870,4218
35.186.228.49,192.168.43.203,443,55868,6,2022-09-19 11:33:18,94173685.31227112,113.52428191112672,1.1361985000926536,0.5840272664027658,0.5521712336898877,55,52,5318,5373,149.0,66.0,96.69090909090909,36.608927240756564,138.0,66.0,103.32692307692308,31.968566986149522,149,66,99.91588785046729,34.59137202546677,1196.563018604245,1100,1040,20,23,888427.3587532763,13178717.613220215,-186.2049102783203,3210922.5725121233,94173685.31227112,13265108.108520508,0.0,1743957.135412428,4369003.864500739,94094068.76564026,13252152.919769287,15.2587890625,1844981.7405027503,4451256.982672794,0,0,0,0,1,0,0,0,0,0,0,0.9454545454545454,99.91588785046729,272,501,13171980.381011963,486.3739013671875,2890300.936996937,5317055.625560641,13105282.306671143,6867.170333862305,2057068.877749973,4663096.017035979,0.0,0.0,0.0,0.0,0.0,0.0,96.69090909090909,103.32692307692308,0,55,52,5318,5373
172.217.19.16,192.168.43.203,443,41798,17,2022-09-19 11:33:19,93612789.39247131,14144.295972730495,13.801532978397793,10.169550615661532,3.6319823627362613,952,340,1294812,29275,1399.0,71.0,1360.0966386554621,197.4165314239354,610.0,73.0,86.1029411764706,75.27962377732345,1399,71,1024.8351393188855,587.3067720474389,344929.24449278245,7616,2720,8,952,72511.83198091136,13086794.137954712,-14.30511474609375,943284.3798406178,93591665.98320007,13283550.024032593,0.0,98413.94950914834,1106608.5509919648,93612245.55969238,13086794.137954712,319.48089599609375,276142.3172852283,1825519.0767524934,0,0,0,0,1,0,0,0,0,0,0,0.35714285714285715,1024.8351393188855,0,0,13065824.98550415,477.07557678222656,1519533.5195614742,4080207.270549243,13086474.418640137,5128.383636474609,1612542.8007360091,4201149.150342926,8641.362068965518,6.551724137931035,0.0,0.0,2093182.3794467584,0.0,1360.0966386554621,86.1029411764706,0,952,340,1294812,29275
34.117.46.154,192.168.43.203,443,52815,17,2022-09-19 11:33:19,93625900.03013611,160.42569412059478,0.6728907276696052,0.29906254563093565,0.3738281820386696,28,35,2465,12555,131.0,70.0,88.03571428571429,26.885314821687032,1399.0,73.0,358.7142857142857,521.4998464006661,1399,70,238.4126984126984,411.70607619038566,169501.89317208363,224,280,8,28,1510095.1617763888,13210728.168487549,0.2384185791015625,3981214.3630209747,93625900.03013611,13406594.038009644,0.2384185791015625,3467625.927042078,5505922.5019291695,93529383.18252563,13290608.167648315,38.38539123535156,2750864.211250754,5080062.099350349,0,0,0,0,1,0,0,0,0,0,0,1.25,238.4126984126984,0,0,13210671.90170288,1036.4055633544922,4418742.4864087785,5830817.38805492,13130848.169326782,9543.895721435547,2653335.8233315605,4975751.717293911,0.0,0.0,0.0,0.0,0.0,0.0,88.03571428571429,358.7142857142857,0,28,35,2465,12555
192.168.43.203,35.186.228.49,55854,443,6,2022-09-19 11:33:20,92406745.67222595,3846.4507911659043,9.209284385130978,4.36115347497977,4.848130910151208,403,448,280137,75301,1442.0,66.0,695.1290322580645,645.329571849555,1510.0,66.0,168.08258928571428,281.24425368810887,1510,66,417.67097532314926,555.0722397942772,308105.19139023556,8060,8960,20,269,108703.77400342155,10793549.77607727,-294.2085266113281,935668.5946010646,92360538.95950317,10844383.716583252,1.9073486328125,229752.58447637607,1358865.3068465749,92331788.53988647,10872338.53340149,0.0,206558.81105120017,1294701.723413063,0,0,0,0,1,0,0,0,0,0,0,1.1116625310173698,417.67097532314926,1727,1050,10793533.563613892,10.49041748046875,640007.5915833594,2213824.3904004744,10742715.835571289,5009.174346923828,561270.2369689941,2070185.63474625,18043.071428571428,17.5,1392.46875,6.53125,146227.20864930397,32880.959348397715,695.1290322580645,168.08258928571428,0,403,448,280137,75301
192.168.43.203,192.168.43.96,45764,53,17,2022-09-19 11:34:03,66052.19841003418,3663.769046682284,30.279083030432098,15.139541515216049,15.139541515216049,1,1,76,166,76.0,76.0,76.0,0.0,166.0,166.0,166.0,0.0,166,76,121.0,45.0,2025.0,8,8,8,1,0.0,0.0,0.0,0.0,0,0.0,0.0,0.0,0.0,0.0,0.0,0.0,0.0,0.0,0,0,0,0,1,0,0,0,0,0,0,1.0,121.0,0,0,0.0,0.0,0.0,0.0,0.0,0.0,0.0,0.0,0.0,0.0,0.0,0.0,0.0,0.0,76.0,166.0,0,1,1,76,166
192.168.43.203,104.16.101.12,50004,443,6,2022-09-19 11:34:10,202432.63244628906,1452.3350136149925,19.759660049183573,9.879830024591786,9.879830024591786,2,2,147,147,93.0,54.0,73.5,19.5,93.0,54.0,73.5,19.5,93,54,73.5,19.5,380.25,40,40,20,1,67477.54414876302,202326.77459716797,0.476837158203125,95352.8149055452,0,0.0,0.0,0.0,0.0,0.0,0.0,0.0,0.0,0.0,0,0,0,0,1,0,0,0,0,0,0,1.0,73.5,501,8,0.0,0.0,0.0,0.0,0.0,0.0,0.0,0.0,0.0,0.0,0.0,0.0,0.0,0.0,73.5,73.5,0,2,2,147,147
192.168.43.203,192.168.43.96,50269,53,17,2022-09-19 11:34:12,4687.070846557617,33283.047153975276,426.7057327432728,213.3528663716364,213.3528663716364,1,1,78,78,78.0,78.0,78.0,0.0,78.0,78.0,78.0,0.0,78,78,78.0,0.0,0.0,8,8,8,1,0.0,0.0,0.0,0.0,0,0.0,0.0,0.0,0.0,0.0,0.0,0.0,0.0,0.0,0,0,0,0,1,0,0,0,0,0,0,1.0,78.0,0,0,0.0,0.0,0.0,0.0,0.0,0.0,0.0,0.0,0.0,0.0,0.0,0.0,0.0,0.0,78.0,78.0,0,1,1,78,78
192.168.43.203,192.168.43.96,60708,53,17,2022-09-19 11:34:12,2899.8851776123047,53795.23341280934,689.6824796514018,344.8412398257009,344.8412398257009,1,1,78,78,78.0,78.0,78.0,0.0,78.0,78.0,78.0,0.0,78,78,78.0,0.0,0.0,8,8,8,1,0.0,0.0,0.0,0.0,0,0.0,0.0,0.0,0.0,0.0,0.0,0.0,0.0,0.0,0,0,0,0,1,0,0,0,0,0,0,1.0,78.0,0,0,0.0,0.0,0.0,0.0,0.0,0.0,0.0,0.0,0.0,0.0,0.0,0.0,0.0,0.0,78.0,78.0,0,1,1,78,78
192.168.43.203,34.237.73.95,39456,443,6,2022-09-19 11:33:44,30055321.45500183,41.955964499928626,0.23290384734298206,0.13308791276741833,0.09981593457556374,4,3,706,555,354.0,66.0,176.5,120.2279085736752,391.0,66.0,185.0,146.2486467173856,391,66,180.14285714285714,132.07619940390316,17444.12244897959,80,60,20,2,5009220.242500305,29459561.347961426,20.742416381835938,10935349.144457666,29723262.786865234,29459561.347961426,1173.9730834960938,9907754.262288412,13825627.090023113,29792888.641357422,29460809.230804443,332079.4105529785,14896444.320678711,14564364.910125732,0,0,0,0,1,0,0,0,0,0,0,0.75,180.14285714285714,501,195,29459540.605545044,262338.16146850586,14860939.383506775,14598601.222038269,29459466.695785522,262432.8136444092,10017979.145050049,13747237.05227002,0.0,0.0,0.0,0.0,0.0,0.0,176.5,185.0,0,4,3,706,555
192.168.43.203,192.168.43.96,33373,53,17,2022-09-19 11:34:13,2174.37744140625,69905.06666666667,919.8035087719298,459.9017543859649,459.9017543859649,1,1,76,76,76.0,76.0,76.0,0.0,76.0,76.0,76.0,0.0,76,76,76.0,0.0,0.0,8,8,8,1,0.0,0.0,0.0,0.0,0,0.0,0.0,0.0,0.0,0.0,0.0,0.0,0.0,0.0,0,0,0,0,1,0,0,0,0,0,0,1.0,76.0,0,0,0.0,0.0,0.0,0.0,0.0,0.0,0.0,0.0,0.0,0.0,0.0,0.0,0.0,0.0,76.0,76.0,0,1,1,76,76
192.168.43.203,192.168.43.96,55783,53,17,2022-09-19 11:34:13,2266.8838500976562,67052.39882204459,882.2684055532184,441.1342027766092,441.1342027766092,1,1,76,76,76.0,76.0,76.0,0.0,76.0,76.0,76.0,0.0,76,76,76.0,0.0,0.0,8,8,8,1,0.0,0.0,0.0,0.0,0,0.0,0.0,0.0,0.0,0.0,0.0,0.0,0.0,0.0,0,0,0,0,1,0,0,0,0,0,0,1.0,76.0,0,0,0.0,0.0,0.0,0.0,0.0,0.0,0.0,0.0,0.0,0.0,0.0,0.0,0.0,0.0,76.0,76.0,0,1,1,76,76
192.168.43.203,192.168.43.96,43456,53,17,2022-09-19 11:34:14,39534.33036804199,6981.274184502379,50.58894336595927,25.294471682979633,25.294471682979633,1,1,74,202,74.0,74.0,74.0,0.0,202.0,202.0,202.0,0.0,202,74,138.0,64.0,4096.0,8,8,8,1,0.0,0.0,0.0,0.0,0,0.0,0.0,0.0,0.0,0.0,0.0,0.0,0.0,0.0,0,0,0,0,1,0,0,0,0,0,0,1.0,138.0,0,0,0.0,0.0,0.0,0.0,0.0,0.0,0.0,0.0,0.0,0.0,0.0,0.0,0.0,0.0,74.0,202.0,0,1,1,74,202
192.168.43.203,192.168.43.96,42835,53,17,2022-09-19 11:34:14,46263.694763183594,5014.731339283874,43.2304425800334,21.6152212900167,21.6152212900167,1,1,74,158,74.0,74.0,74.0,0.0,158.0,158.0,158.0,0.0,158,74,116.0,42.0,1764.0,8,8,8,1,0.0,0.0,0.0,0.0,0,0.0,0.0,0.0,0.0,0.0,0.0,0.0,0.0,0.0,0,0,0,0,1,0,0,0,0,0,0,1.0,116.0,0,0,0.0,0.0,0.0,0.0,0.0,0.0,0.0,0.0,0.0,0.0,0.0,0.0,0.0,0.0,74.0,158.0,0,1,1,74,158
192.168.43.203,192.168.43.96,46447,53,17,2022-09-19 11:34:18,76419.59190368652,1989.0187347711737,26.17129914172597,13.085649570862985,13.085649570862985,1,1,76,76,76.0,76.0,76.0,0.0,76.0,76.0,76.0,0.0,76,76,76.0,0.0,0.0,8,8,8,1,0.0,0.0,0.0,0.0,0,0.0,0.0,0.0,0.0,0.0,0.0,0.0,0.0,0.0,0,0,0,0,1,0,0,0,0,0,0,1.0,76.0,0,0,0.0,0.0,0.0,0.0,0.0,0.0,0.0,0.0,0.0,0.0,0.0,0.0,0.0,0.0,76.0,76.0,0,1,1,76,76
192.168.43.203,192.168.43.96,51352,53,17,2022-09-19 11:34:19,160677.67143249512,1387.8717435464462,12.447280211178889,6.223640105589444,6.223640105589444,1,1,72,151,72.0,72.0,72.0,0.0,151.0,151.0,151.0,0.0,151,72,111.5,39.5,1560.25,8,8,8,1,0.0,0.0,0.0,0.0,0,0.0,0.0,0.0,0.0,0.0,0.0,0.0,0.0,0.0,0,0,0,0,1,0,0,0,0,0,0,1.0,111.5,0,0,0.0,0.0,0.0,0.0,0.0,0.0,0.0,0.0,0.0,0.0,0.0,0.0,0.0,0.0,72.0,151.0,0,1,1,72,151
192.168.43.203,40.76.174.66,38616,443,6,2022-09-19 11:34:19,362561.7027282715,5761.777882992897,22.065209700307886,13.790756062692429,8.274453637615457,5,3,1808,281,1442.0,54.0,361.6,541.2702097843554,131.0,54.0,93.66666666666667,31.478387647541428,1442,54,261.125,447.55486744643946,200305.359375,100,60,20,3,51775.28517586844,362293.4818267822,-134.7064971923828,126768.54635964692,362561.7027282715,362428.6651611328,6.198883056640625,90640.42568206787,156917.01504078304,0.476837158203125,0.2384185791015625,0.2384185791015625,0.2384185791015625,0.0,0,0,0,0,1,0,0,0,0,0,0,0.6,261.125,501,2049,0.0,0.0,0.0,0.0,0.0,0.0,0.0,0.0,0.0,0.0,0.0,0.0,0.0,0.0,361.6,93.66666666666667,0,5,3,1808,281
192.168.43.203,192.168.43.96,33562,53,17,2022-09-19 11:34:19,203488.82675170898,1420.2253981867477,9.828549468420398,4.914274734210199,4.914274734210199,1,1,109,180,109.0,109.0,109.0,0.0,180.0,180.0,180.0,0.0,180,109,144.5,35.5,1260.25,8,8,8,1,0.0,0.0,0.0,0.0,0,0.0,0.0,0.0,0.0,0.0,0.0,0.0,0.0,0.0,0,0,0,0,1,0,0,0,0,0,0,1.0,144.5,0,0,0.0,0.0,0.0,0.0,0.0,0.0,0.0,0.0,0.0,0.0,0.0,0.0,0.0,0.0,109.0,180.0,0,1,1,109,180
192.168.43.203,192.168.43.96,49641,53,17,2022-09-19 11:34:26,5276.203155517578,29566.715951197468,379.0604609127881,189.53023045639404,189.53023045639404,1,1,78,78,78.0,78.0,78.0,0.0,78.0,78.0,78.0,0.0,78,78,78.0,0.0,0.0,8,8,8,1,0.0,0.0,0.0,0.0,0,0.0,0.0,0.0,0.0,0.0,0.0,0.0,0.0,0.0,0,0,0,0,1,0,0,0,0,0,0,1.0,78.0,0,0,0.0,0.0,0.0,0.0,0.0,0.0,0.0,0.0,0.0,0.0,0.0,0.0,0.0,0.0,78.0,78.0,0,1,1,78,78
192.168.43.203,192.168.43.96,58097,53,17,2022-09-19 11:34:26,3613.9488220214844,43166.07890222985,553.4112679773057,276.70563398865283,276.70563398865283,1,1,78,78,78.0,78.0,78.0,0.0,78.0,78.0,78.0,0.0,78,78,78.0,0.0,0.0,8,8,8,1,0.0,0.0,0.0,0.0,0,0.0,0.0,0.0,0.0,0.0,0.0,0.0,0.0,0.0,0,0,0,0,1,0,0,0,0,0,0,1.0,78.0,0,0,0.0,0.0,0.0,0.0,0.0,0.0,0.0,0.0,0.0,0.0,0.0,0.0,0.0,0.0,78.0,78.0,0,1,1,78,78
192.168.43.203,192.168.43.96,58243,53,17,2022-09-19 11:34:28,232023.9543914795,655.1047731198474,8.619799646313782,4.309899823156891,4.309899823156891,1,1,76,76,76.0,76.0,76.0,0.0,76.0,76.0,76.0,0.0,76,76,76.0,0.0,0.0,8,8,8,1,0.0,0.0,0.0,0.0,0,0.0,0.0,0.0,0.0,0.0,0.0,0.0,0.0,0.0,0,0,0,0,1,0,0,0,0,0,0,1.0,76.0,0,0,0.0,0.0,0.0,0.0,0.0,0.0,0.0,0.0,0.0,0.0,0.0,0.0,0.0,0.0,76.0,76.0,0,1,1,76,76
192.168.43.203,44.239.126.203,38134,443,6,2022-09-19 11:33:43,91509155.98869324,36.75042091324204,0.2622688379178736,0.15299015545209294,0.10927868246578067,14,10,1979,1384,387.0,66.0,141.35714285714286,107.41349153279259,254.0,66.0,138.4,77.49993548384411,387,66,140.125,96.09904287591353,9235.026041666666,280,200,20,7,3978647.449742193,30624967.098236084,-93.22166442871094,10065596.739123609,91509155.98869324,30624967.098236084,8.106231689453125,7039165.845284095,12558194.461525623,91030998.70681763,30958392.14324951,0.0,10114555.411868624,14306351.230303425,0,0,0,0,1,0,0,0,0,0,0,0.7142857142857143,140.125,501,325,30624927.043914795,333312.2730255127,15183355.768521627,14781607.468770258,30624902.486801147,333280.3249359131,13072622.36731393,14629194.41755745,0.0,0.0,0.0,0.0,0.0,0.0,141.35714285714286,138.4,0,14,10,1979,1384
192.168.43.203,192.168.43.96,51672,53,17,2022-09-19 11:34:33,343162.53662109375,442.93879365926324,5.82814202183241,2.914071010916205,2.914071010916205,1,1,76,76,76.0,76.0,76.0,0.0,76.0,76.0,76.0,0.0,76,76,76.0,0.0,0.0,8,8,8,1,0.0,0.0,0.0,0.0,0,0.0,0.0,0.0,0.0,0.0,0.0,0.0,0.0,0.0,0,0,0,0,1,0,0,0,0,0,0,1.0,76.0,0,0,0.0,0.0,0.0,0.0,0.0,0.0,0.0,0.0,0.0,0.0,0.0,0.0,0.0,0.0,76.0,76.0,0,1,1,76,76
192.168.43.203,34.107.204.85,57170,443,6,2022-09-19 11:34:33,2579040.765762329,690.9545687127846,5.816115898255763,3.1019284790697403,2.7141874191860227,8,7,1071,711,531.0,66.0,133.875,151.0011899787548,139.0,66.0,101.57142857142857,26.628969954099365,531,66,118.8,112.92191992700087,12751.359999999997,160,140,20,3,184188.6384146554,2016324.2816925049,-164.031982421875,514654.61902486096,2493492.1264648438,2016324.2816925049,19.788742065429688,356213.1609235491,690949.5589589177,2500339.2696380615,2103661.7755889893,0.2384185791015625,416723.21160634357,762375.5002285595,0,0,0,0,1,0,0,0,0,0,0,0.875,118.8,501,303,1929056.6444396973,78631.63948059082,772608.757019043,823175.7951134759,2016254.4250488281,78701.49612426758,600843.7275886536,819225.8297768058,0.0,0.0,210.0,4.0,0.0,176160768.0,133.875,101.57142857142857,0,8,7,1071,711
192.168.43.203,192.168.43.96,36460,53,17,2022-09-19 11:34:33,209146.97647094727,1023.2038904455636,9.56265318173424,4.78132659086712,4.78132659086712,1,1,99,115,99.0,99.0,99.0,0.0,115.0,115.0,115.0,0.0,115,99,107.0,8.0,64.0,8,8,8,1,0.0,0.0,0.0,0.0,0,0.0,0.0,0.0,0.0,0.0,0.0,0.0,0.0,0.0,0,0,0,0,1,0,0,0,0,0,0,1.0,107.0,0,0,0.0,0.0,0.0,0.0,0.0,0.0,0.0,0.0,0.0,0.0,0.0,0.0,0.0,0.0,99.0,115.0,0,1,1,99,115
192.168.43.203,192.168.43.96,36315,53,17,2022-09-19 11:34:34,2938.0321502685547,67392.0467418648,680.7277448673212,340.3638724336606,340.3638724336606,1,1,99,99,99.0,99.0,99.0,0.0,99.0,99.0,99.0,0.0,99,99,99.0,0.0,0.0,8,8,8,1,0.0,0.0,0.0,0.0,0,0.0,0.0,0.0,0.0,0.0,0.0,0.0,0.0,0.0,0,0,0,0,1,0,0,0,0,0,0,1.0,99.0,0,0,0.0,0.0,0.0,0.0,0.0,0.0,0.0,0.0,0.0,0.0,0.0,0.0,0.0,0.0,99.0,99.0,0,1,1,99,99
192.168.43.203,192.168.43.96,46552,53,17,2022-09-19 11:34:35,63919.0673828125,3739.1033659584627,31.289567915970398,15.644783957985199,15.644783957985199,1,1,73,166,73.0,73.0,73.0,0.0,166.0,166.0,166.0,0.0,166,73,119.5,46.5,2162.25,8,8,8,1,0.0,0.0,0.0,0.0,0,0.0,0.0,0.0,0.0,0.0,0.0,0.0,0.0,0.0,0,0,0,0,1,0,0,0,0,0,0,1.0,119.5,0,0,0.0,0.0,0.0,0.0,0.0,0.0,0.0,0.0,0.0,0.0,0.0,0.0,0.0,0.0,73.0,166.0,0,1,1,73,166
192.168.43.203,34.107.204.85,48921,443,17,2022-09-19 11:34:35,313280.8208465576,16799.624010745854,25.536194582171166,9.576072968314186,15.960121613856979,3,5,1711,3552,1399.0,73.0,570.3333333333334,589.8617540482592,1399.0,70.0,710.4,585.4808621979031,1399,70,657.875,591.0303371020814,349316.859375,24,40,8,3,44754.40297807966,116582.15522766113,0.476837158203125,45275.040704338804,282963.2759094238,217285.8715057373,65677.40440368652,141481.6379547119,75804.23355102539,196698.66561889648,98748.68392944336,0.476837158203125,49174.66640472412,36929.51546550687,0,0,0,0,1,0,0,0,0,0,0,1.6666666666666667,657.875,0,0,114627.12287902832,62403.44047546387,88515.2816772461,26111.841201782227,116582.15522766113,28680.801391601562,69116.03609720866,36228.32228519271,0.0,0.0,0.0,0.0,0.0,0.0,570.3333333333334,710.4,0,3,5,1711,3552
192.168.43.203,192.168.43.96,51729,53,17,2022-09-19 11:34:38,3311.1572265625,43489.32718894009,604.0184331797235,302.00921658986175,302.00921658986175,1,1,72,72,72.0,72.0,72.0,0.0,72.0,72.0,72.0,0.0,72,72,72.0,0.0,0.0,8,8,8,1,0.0,0.0,0.0,0.0,0,0.0,0.0,0.0,0.0,0.0,0.0,0.0,0.0,0.0,0,0,0,0,1,0,0,0,0,0,0,1.0,72.0,0,0,0.0,0.0,0.0,0.0,0.0,0.0,0.0,0.0,0.0,0.0,0.0,0.0,0.0,0.0,72.0,72.0,0,1,1,72,72
192.168.43.203,192.168.43.96,58487,53,17,2022-09-19 11:34:39,2574.920654296875,60584.39111111111,776.7229629629629,388.36148148148146,388.36148148148146,1,1,78,78,78.0,78.0,78.0,0.0,78.0,78.0,78.0,0.0,78,78,78.0,0.0,0.0,8,8,8,1,0.0,0.0,0.0,0.0,0,0.0,0.0,0.0,0.0,0.0,0.0,0.0,0.0,0.0,0,0,0,0,1,0,0,0,0,0,0,1.0,78.0,0,0,0.0,0.0,0.0,0.0,0.0,0.0,0.0,0.0,0.0,0.0,0.0,0.0,0.0,0.0,78.0,78.0,0,1,1,78,78
192.168.43.203,192.168.43.96,36423,53,17,2022-09-19 11:34:39,38405.17997741699,6197.080709944563,52.0763084869291,26.03815424346455,26.03815424346455,1,1,79,159,79.0,79.0,79.0,0.0,159.0,159.0,159.0,0.0,159,79,119.0,40.0,1600.0,8,8,8,1,0.0,0.0,0.0,0.0,0,0.0,0.0,0.0,0.0,0.0,0.0,0.0,0.0,0.0,0,0,0,0,1,0,0,0,0,0,0,1.0,119.0,0,0,0.0,0.0,0.0,0.0,0.0,0.0,0.0,0.0,0.0,0.0,0.0,0.0,0.0,0.0,79.0,159.0,0,1,1,79,159
192.168.43.203,192.168.43.96,56818,53,17,2022-09-19 11:34:39,4280.09033203125,36447.82887700535,467.27985739750443,233.63992869875221,233.63992869875221,1,1,78,78,78.0,78.0,78.0,0.0,78.0,78.0,78.0,0.0,78,78,78.0,0.0,0.0,8,8,8,1,0.0,0.0,0.0,0.0,0,0.0,0.0,0.0,0.0,0.0,0.0,0.0,0.0,0.0,0,0,0,0,1,0,0,0,0,0,0,1.0,78.0,0,0,0.0,0.0,0.0,0.0,0.0,0.0,0.0,0.0,0.0,0.0,0.0,0.0,0.0,0.0,78.0,78.0,0,1,1,78,78
192.168.43.203,75.2.88.188,33658,443,6,2022-09-19 11:34:31,8564893.72253418,555.8737976483982,1.4010681730268384,0.7005340865134192,0.7005340865134192,6,6,1649,3112,1186.0,66.0,274.8333333333333,408.74132678531817,1442.0,66.0,518.6666666666666,624.5645594243152,1442,66,396.75,541.6999669251113,293438.8541666667,120,120,20,3,778626.7020485618,7526526.689529419,10.728836059570312,2140140.2111666803,8564893.72253418,7526526.689529419,620.3651428222656,1712978.744506836,2916978.0983814364,8371935.606002808,7595631.122589111,645.8759307861328,1674387.1212005615,2967703.715400786,0,0,0,0,1,0,0,0,0,0,0,1.0,396.75,501,1260,7525690.55557251,61755.18035888672,2597385.0091298423,3485326.9228575206,7526428.937911987,11859.655380249023,1671318.244934082,2933731.401957817,0.0,0.0,0.0,0.0,0.0,0.0,274.8333333333333,518.6666666666666,0,6,6,1649,3112
192.168.43.203,192.168.43.96,42565,53,17,2022-09-19 11:34:40,3264.4271850585938,54527.17732982764,612.664913818288,306.332456909144,306.332456909144,1,1,89,89,89.0,89.0,89.0,0.0,89.0,89.0,89.0,0.0,89,89,89.0,0.0,0.0,8,8,8,1,0.0,0.0,0.0,0.0,0,0.0,0.0,0.0,0.0,0.0,0.0,0.0,0.0,0.0,0,0,0,0,1,0,0,0,0,0,0,1.0,89.0,0,0,0.0,0.0,0.0,0.0,0.0,0.0,0.0,0.0,0.0,0.0,0.0,0.0,0.0,0.0,89.0,89.0,0,1,1,89,89
192.168.43.203,192.168.43.96,60425,53,17,2022-09-19 11:34:40,2646.923065185547,67247.89335254909,755.5943073320122,377.7971536660061,377.7971536660061,1,1,89,89,89.0,89.0,89.0,0.0,89.0,89.0,89.0,0.0,89,89,89.0,0.0,0.0,8,8,8,1,0.0,0.0,0.0,0.0,0,0.0,0.0,0.0,0.0,0.0,0.0,0.0,0.0,0.0,0,0,0,0,1,0,0,0,0,0,0,1.0,89.0,0,0,0.0,0.0,0.0,0.0,0.0,0.0,0.0,0.0,0.0,0.0,0.0,0.0,0.0,0.0,89.0,89.0,0,1,1,89,89
192.168.43.203,54.169.175.250,35984,443,6,2022-09-19 11:33:44,98301154.85191345,20.08114760171178,0.1932835888715926,0.10172820466925926,0.09155538420233333,10,9,1292,682,145.0,66.0,129.2,31.6,142.0,66.0,75.77777777777777,23.71018429928736,145,66,103.89473684210526,38.77315231858537,1503.3573407202218,200,180,20,8,5461175.269550747,14866137.027740479,32.4249267578125,6348814.161677149,98097436.42807007,15005746.364593506,532397.985458374,10899715.158674452,5033858.757722155,90007546.42486572,15318699.12147522,143364.66789245605,11250943.303108215,5373283.926561757,0,0,0,0,1,0,0,0,0,0,0,0.9,103.89473684210526,501,141,14783751.487731934,6246227.264404297,11489761.659077236,3628593.366574035,14726824.283599854,142089.84375,10574962.986840142,4951511.286569508,0.0,0.0,0.0,0.0,0.0,0.0,129.2,75.77777777777777,0,10,9,1292,682
192.168.43.203,192.168.43.96,59768,53,17,2022-09-19 11:34:40,44541.120529174805,5073.963055149637,44.9023279216782,22.4511639608391,22.4511639608391,1,1,89,137,89.0,89.0,89.0,0.0,137.0,137.0,137.0,0.0,137,89,113.0,24.0,576.0,8,8,8,1,0.0,0.0,0.0,0.0,0,0.0,0.0,0.0,0.0,0.0,0.0,0.0,0.0,0.0,0,0,0,0,1,0,0,0,0,0,0,1.0,113.0,0,0,0.0,0.0,0.0,0.0,0.0,0.0,0.0,0.0,0.0,0.0,0.0,0.0,0.0,0.0,89.0,137.0,0,1,1,89,137
192.168.43.203,224.0.0.251,5353,5353,17,2022-09-19 11:34:41,0.0,0,0,0,0,1,0,183,0,183.0,183.0,183.0,0.0,0.0,0.0,0.0,0.0,183,183,183.0,0.0,0.0,8,0,8,1,0.0,0.0,0.0,0.0,0,0.0,0.0,0.0,0.0,0.0,0.0,0.0,0.0,0.0,0,0,0,0,1,0,0,0,0,0,0,0.0,183.0,0,0,0.0,0.0,0.0,0.0,0.0,0.0,0.0,0.0,0.0,0.0,0.0,0.0,0.0,0.0,183.0,0.0,0,1,0,183,0
192.168.43.203,192.168.43.96,34452,53,17,2022-09-19 11:34:43,2491.2357330322266,61013.89683223275,802.8144320030625,401.40721600153125,401.40721600153125,1,1,76,76,76.0,76.0,76.0,0.0,76.0,76.0,76.0,0.0,76,76,76.0,0.0,0.0,8,8,8,1,0.0,0.0,0.0,0.0,0,0.0,0.0,0.0,0.0,0.0,0.0,0.0,0.0,0.0,0,0,0,0,1,0,0,0,0,0,0,1.0,76.0,0,0,0.0,0.0,0.0,0.0,0.0,0.0,0.0,0.0,0.0,0.0,0.0,0.0,0.0,0.0,76.0,76.0,0,1,1,76,76
192.168.43.203,192.168.43.96,45184,53,17,2022-09-19 11:34:44,1964.3306732177734,75343.73006432819,1018.1585143828135,509.0792571914067,509.0792571914067,1,1,74,74,74.0,74.0,74.0,0.0,74.0,74.0,74.0,0.0,74,74,74.0,0.0,0.0,8,8,8,1,0.0,0.0,0.0,0.0,0,0.0,0.0,0.0,0.0,0.0,0.0,0.0,0.0,0.0,0,0,0,0,1,0,0,0,0,0,0,1.0,74.0,0,0,0.0,0.0,0.0,0.0,0.0,0.0,0.0,0.0,0.0,0.0,0.0,0.0,0.0,0.0,74.0,74.0,0,1,1,74,74
192.168.43.203,192.168.43.96,49960,53,17,2022-09-19 11:34:44,2296.44775390625,64447.36212624585,870.9102990033223,435.45514950166114,435.45514950166114,1,1,74,74,74.0,74.0,74.0,0.0,74.0,74.0,74.0,0.0,74,74,74.0,0.0,0.0,8,8,8,1,0.0,0.0,0.0,0.0,0,0.0,0.0,0.0,0.0,0.0,0.0,0.0,0.0,0.0,0,0,0,0,1,0,0,0,0,0,0,1.0,74.0,0,0,0.0,0.0,0.0,0.0,0.0,0.0,0.0,0.0,0.0,0.0,0.0,0.0,0.0,0.0,74.0,74.0,0,1,1,74,74
192.168.43.203,192.168.43.96,47735,53,17,2022-09-19 11:34:53,2349.1382598876953,66407.33015325281,851.3760276058053,425.6880138029027,425.6880138029027,1,1,78,78,78.0,78.0,78.0,0.0,78.0,78.0,78.0,0.0,78,78,78.0,0.0,0.0,8,8,8,1,0.0,0.0,0.0,0.0,0,0.0,0.0,0.0,0.0,0.0,0.0,0.0,0.0,0.0,0,0,0,0,1,0,0,0,0,0,0,1.0,78.0,0,0,0.0,0.0,0.0,0.0,0.0,0.0,0.0,0.0,0.0,0.0,0.0,0.0,0.0,0.0,78.0,78.0,0,1,1,78,78
192.168.43.203,192.168.43.96,35523,53,17,2022-09-19 11:34:53,3897.9053497314453,40021.495137317266,513.0960915040675,256.5480457520338,256.5480457520338,1,1,78,78,78.0,78.0,78.0,0.0,78.0,78.0,78.0,0.0,78,78,78.0,0.0,0.0,8,8,8,1,0.0,0.0,0.0,0.0,0,0.0,0.0,0.0,0.0,0.0,0.0,0.0,0.0,0.0,0,0,0,0,1,0,0,0,0,0,0,1.0,78.0,0,0,0.0,0.0,0.0,0.0,0.0,0.0,0.0,0.0,0.0,0.0,0.0,0.0,0.0,0.0,78.0,78.0,0,1,1,78,78
192.168.43.203,192.168.43.96,33706,53,17,2022-09-19 11:34:53,4021.4061737060547,37797.72383944981,497.33847157170806,248.66923578585403,248.66923578585403,1,1,76,76,76.0,76.0,76.0,0.0,76.0,76.0,76.0,0.0,76,76,76.0,0.0,0.0,8,8,8,1,0.0,0.0,0.0,0.0,0,0.0,0.0,0.0,0.0,0.0,0.0,0.0,0.0,0.0,0,0,0,0,1,0,0,0,0,0,0,1.0,76.0,0,0,0.0,0.0,0.0,0.0,0.0,0.0,0.0,0.0,0.0,0.0,0.0,0.0,0.0,0.0,76.0,76.0,0,1,1,76,76
192.168.43.203,192.168.43.96,35959,53,17,2022-09-19 11:34:58,78103.30390930176,1946.1404625918453,25.6071113498927,12.80355567494635,12.80355567494635,1,1,76,76,76.0,76.0,76.0,0.0,76.0,76.0,76.0,0.0,76,76,76.0,0.0,0.0,8,8,8,1,0.0,0.0,0.0,0.0,0,0.0,0.0,0.0,0.0,0.0,0.0,0.0,0.0,0.0,0,0,0,0,1,0,0,0,0,0,0,1.0,76.0,0,0,0.0,0.0,0.0,0.0,0.0,0.0,0.0,0.0,0.0,0.0,0.0,0.0,0.0,0.0,76.0,76.0,0,1,1,76,76
192.168.43.203,34.237.73.95,39456,443,6,2022-09-19 11:34:58,261890.64979553223,3348.7258925994743,15.27355025130889,7.636775125654445,7.636775125654445,2,2,420,457,354.0,66.0,210.0,144.0,391.0,66.0,228.5,162.5,391,66,219.25,153.80730639342204,23656.6875,40,40,20,1,87296.88326517741,255390.88249206543,115.87142944335938,118887.94854729455,0,0.0,0.0,0.0,0.0,0.0,0.0,0.0,0.0,0.0,0,0,0,0,1,0,0,0,0,0,0,1.0,219.25,501,198,0.0,0.0,0.0,0.0,0.0,0.0,0.0,0.0,0.0,0.0,0.0,0.0,0.0,0.0,210.0,228.5,0,2,2,420,457
192.168.43.203,192.168.43.96,55115,53,17,2022-09-19 11:35:03,72343.34945678711,2101.0915466499687,27.64594140328906,13.82297070164453,13.82297070164453,1,1,76,76,76.0,76.0,76.0,0.0,76.0,76.0,76.0,0.0,76,76,76.0,0.0,0.0,8,8,8,1,0.0,0.0,0.0,0.0,0,0.0,0.0,0.0,0.0,0.0,0.0,0.0,0.0,0.0,0,0,0,0,1,0,0,0,0,0,0,1.0,76.0,0,0,0.0,0.0,0.0,0.0,0.0,0.0,0.0,0.0,0.0,0.0,0.0,0.0,0.0,0.0,76.0,76.0,0,1,1,76,76
192.168.43.203,104.16.101.12,50004,443,6,2022-09-19 11:35:03,102625.84686279297,4940.275919747981,77.9530717119997,38.97653585599985,38.97653585599985,4,4,279,228,93.0,54.0,69.75,16.618889854620253,66.0,54.0,57.0,5.196152422706632,93,54,63.375,13.864861160502112,192.234375,80,80,20,2,14660.835266113281,96076.72691345215,0.0,33285.94206112697,102625.84686279297,101782.08351135254,57.697296142578125,34208.61562093099,47782.58261693064,5630.254745483398,5368.947982788086,0.0,1876.7515818277996,2471.658968279882,0,0,0,0,1,0,0,0,0,0,0,1.0,63.375,501,8,96076.72691345215,57.697296142578125,48067.21210479736,48009.514808654785,96019.02961730957,5368.947982788086,50693.98880004883,45325.04081726074,0.0,0.0,0.0,0.0,0.0,0.0,69.75,57.0,0,4,4,279,228
192.168.43.203,192.168.43.96,34122,53,17,2022-09-19 11:35:06,3573.6560821533203,43652.773633998266,559.6509440256187,279.82547201280937,279.82547201280937,1,1,78,78,78.0,78.0,78.0,0.0,78.0,78.0,78.0,0.0,78,78,78.0,0.0,0.0,8,8,8,1,0.0,0.0,0.0,0.0,0,0.0,0.0,0.0,0.0,0.0,0.0,0.0,0.0,0.0,0,0,0,0,1,0,0,0,0,0,0,1.0,78.0,0,0,0.0,0.0,0.0,0.0,0.0,0.0,0.0,0.0,0.0,0.0,0.0,0.0,0.0,0.0,78.0,78.0,0,1,1,78,78
192.168.43.203,192.168.43.96,35924,53,17,2022-09-19 11:35:06,2629.7569274902344,59321.071985494105,760.5265639165912,380.2632819582956,380.2632819582956,1,1,78,78,78.0,78.0,78.0,0.0,78.0,78.0,78.0,0.0,78,78,78.0,0.0,0.0,8,8,8,1,0.0,0.0,0.0,0.0,0,0.0,0.0,0.0,0.0,0.0,0.0,0.0,0.0,0.0,0,0,0,0,1,0,0,0,0,0,0,1.0,78.0,0,0,0.0,0.0,0.0,0.0,0.0,0.0,0.0,0.0,0.0,0.0,0.0,0.0,0.0,0.0,78.0,78.0,0,1,1,78,78
192.168.43.203,192.168.43.96,37631,53,17,2022-09-19 11:35:08,4630.327224731445,32827.05360177128,431.93491581278,215.96745790639,215.96745790639,1,1,76,76,76.0,76.0,76.0,0.0,76.0,76.0,76.0,0.0,76,76,76.0,0.0,0.0,8,8,8,1,0.0,0.0,0.0,0.0,0,0.0,0.0,0.0,0.0,0.0,0.0,0.0,0.0,0.0,0,0,0,0,1,0,0,0,0,0,0,1.0,76.0,0,0,0.0,0.0,0.0,0.0,0.0,0.0,0.0,0.0,0.0,0.0,0.0,0.0,0.0,0.0,76.0,76.0,0,1,1,76,76
192.168.43.203,192.168.43.96,60353,53,17,2022-09-19 11:35:14,37383.079528808594,7383.019362738845,53.50014030970178,26.75007015485089,26.75007015485089,1,1,74,202,74.0,74.0,74.0,0.0,202.0,202.0,202.0,0.0,202,74,138.0,64.0,4096.0,8,8,8,1,0.0,0.0,0.0,0.0,0,0.0,0.0,0.0,0.0,0.0,0.0,0.0,0.0,0.0,0,0,0,0,1,0,0,0,0,0,0,1.0,138.0,0,0,0.0,0.0,0.0,0.0,0.0,0.0,0.0,0.0,0.0,0.0,0.0,0.0,0.0,0.0,74.0,202.0,0,1,1,74,202
192.168.43.203,192.168.43.96,60242,53,17,2022-09-19 11:35:14,4052.6390075683594,36519.41357806801,493.5055888928109,246.75279444640546,246.75279444640546,1,1,74,74,74.0,74.0,74.0,0.0,74.0,74.0,74.0,0.0,74,74,74.0,0.0,0.0,8,8,8,1,0.0,0.0,0.0,0.0,0,0.0,0.0,0.0,0.0,0.0,0.0,0.0,0.0,0.0,0,0,0,0,1,0,0,0,0,0,0,1.0,74.0,0,0,0.0,0.0,0.0,0.0,0.0,0.0,0.0,0.0,0.0,0.0,0.0,0.0,0.0,0.0,74.0,74.0,0,1,1,74,74
192.168.43.203,40.76.174.66,38616,443,6,2022-09-19 11:35:17,2081055.4027557373,39861.50483555227,68.71513358589067,34.117304088099566,34.5978294977911,71,72,76811,6143,1442.0,54.0,1081.8450704225352,598.2717750670646,131.0,54.0,85.31944444444444,27.419997968275762,1442,54,580.0979020979021,652.9512271988574,426345.3051004939,1420,1440,20,56,14649.94020864997,717191.6961669922,-307.5599670410156,76816.80546801978,2081055.4027557373,717191.6961669922,1.9073486328125,29729.362896510534,108332.55200931325,1702570.915222168,1035050.3921508789,0.0,23979.872045382646,126955.1798299508,0,0,0,0,1,0,0,0,0,0,0,1.0140845070422535,580.0979020979021,501,2049,715989.351272583,8099.794387817383,195799.30305480957,219440.55530658146,717125.1773834229,6578.683853149414,179324.84366677023,215839.56751103132,23385.0,17.666666666666668,1049.5,19.0,116309.08349667913,6105.275634081966,1081.8450704225352,85.31944444444444,0,71,72,76811,6143
192.168.43.203,192.168.43.96,50969,53,17,2022-09-19 11:35:18,4607.915878295898,32986.71330263362,434.03570135044237,217.01785067522118,217.01785067522118,1,1,76,76,76.0,76.0,76.0,0.0,76.0,76.0,76.0,0.0,76,76,76.0,0.0,0.0,8,8,8,1,0.0,0.0,0.0,0.0,0,0.0,0.0,0.0,0.0,0.0,0.0,0.0,0.0,0.0,0,0,0,0,1,0,0,0,0,0,0,1.0,76.0,0,0,0.0,0.0,0.0,0.0,0.0,0.0,0.0,0.0,0.0,0.0,0.0,0.0,0.0,0.0,76.0,76.0,0,1,1,76,76
192.168.43.203,192.168.43.96,35769,53,17,2022-09-19 11:35:18,66303.73001098633,3363.3100274004128,30.164215492380382,15.082107746190191,15.082107746190191,1,1,72,151,72.0,72.0,72.0,0.0,151.0,151.0,151.0,0.0,151,72,111.5,39.5,1560.25,8,8,8,1,0.0,0.0,0.0,0.0,0,0.0,0.0,0.0,0.0,0.0,0.0,0.0,0.0,0.0,0,0,0,0,1,0,0,0,0,0,0,1.0,111.5,0,0,0.0,0.0,0.0,0.0,0.0,0.0,0.0,0.0,0.0,0.0,0.0,0.0,0.0,0.0,72.0,151.0,0,1,1,72,151
192.168.43.203,192.168.43.96,37495,53,17,2022-09-19 11:35:18,47816.51496887207,6043.936915689804,41.82655304975643,20.913276524878214,20.913276524878214,1,1,109,180,109.0,109.0,109.0,0.0,180.0,180.0,180.0,0.0,180,109,144.5,35.5,1260.25,8,8,8,1,0.0,0.0,0.0,0.0,0,0.0,0.0,0.0,0.0,0.0,0.0,0.0,0.0,0.0,0,0,0,0,1,0,0,0,0,0,0,1.0,144.5,0,0,0.0,0.0,0.0,0.0,0.0,0.0,0.0,0.0,0.0,0.0,0.0,0.0,0.0,0.0,109.0,180.0,0,1,1,109,180
192.168.43.203,192.168.43.96,35749,53,17,2022-09-19 11:35:19,2373.6953735351562,65720.3117717959,842.568099638409,421.2840498192045,421.2840498192045,1,1,78,78,78.0,78.0,78.0,0.0,78.0,78.0,78.0,0.0,78,78,78.0,0.0,0.0,8,8,8,1,0.0,0.0,0.0,0.0,0,0.0,0.0,0.0,0.0,0.0,0.0,0.0,0.0,0.0,0,0,0,0,1,0,0,0,0,0,0,1.0,78.0,0,0,0.0,0.0,0.0,0.0,0.0,0.0,0.0,0.0,0.0,0.0,0.0,0.0,0.0,0.0,78.0,78.0,0,1,1,78,78
192.168.43.203,192.168.43.96,45463,53,17,2022-09-19 11:35:20,2048.492431640625,76153.56424581006,976.3277467411546,488.1638733705773,488.1638733705773,1,1,78,78,78.0,78.0,78.0,0.0,78.0,78.0,78.0,0.0,78,78,78.0,0.0,0.0,8,8,8,1,0.0,0.0,0.0,0.0,0,0.0,0.0,0.0,0.0,0.0,0.0,0.0,0.0,0.0,0,0,0,0,1,0,0,0,0,0,0,1.0,78.0,0,0,0.0,0.0,0.0,0.0,0.0,0.0,0.0,0.0,0.0,0.0,0.0,0.0,0.0,0.0,78.0,78.0,0,1,1,78,78
35.244.180.134,192.168.43.203,443,59686,6,2022-09-19 11:34:33,90308583.73641968,109.31408279874083,0.775120117089937,0.409706347604681,0.365413769485256,37,33,6211,3661,363.0,66.0,167.86486486486487,99.59517033828232,319.0,66.0,110.93939393939394,88.89692342017291,363,66,141.02857142857144,98.87379711077168,9776.027755102043,740,660,20,27,1308809.1421818389,29923718.214035034,-189.5427703857422,5461130.057317207,90308583.73641968,29923850.536346436,0.0,2508571.770456102,7358901.14186959,90231704.47349548,29923768.758773804,4.76837158203125,2819740.764796734,7749889.715197774,0,0,0,0,1,0,0,0,0,0,0,0.8918918918918919,141.02857142857144,426,501,29923472.64289856,5410.194396972656,5634736.8359565735,10209543.127995817,29923640.251159668,6202.936172485352,4510843.706130981,9404970.08961693,500.0,4.0,0.0,0.0,838860800.0,0.0,167.86486486486487,110.93939393939394,0,37,33,6211,3661
192.168.43.203,192.168.43.96,35873,53,17,2022-09-19 11:35:23,2393.7225341796875,63499.423107569724,835.5187250996016,417.7593625498008,417.7593625498008,1,1,76,76,76.0,76.0,76.0,0.0,76.0,76.0,76.0,0.0,76,76,76.0,0.0,0.0,8,8,8,1,0.0,0.0,0.0,0.0,0,0.0,0.0,0.0,0.0,0.0,0.0,0.0,0.0,0.0,0,0,0,0,1,0,0,0,0,0,0,1.0,76.0,0,0,0.0,0.0,0.0,0.0,0.0,0.0,0.0,0.0,0.0,0.0,0.0,0.0,0.0,0.0,76.0,76.0,0,1,1,76,76
192.168.43.203,192.168.43.96,52007,53,17,2022-09-19 11:35:23,2039.4325256347656,74530.53635725976,980.6649520692074,490.3324760346037,490.3324760346037,1,1,76,76,76.0,76.0,76.0,0.0,76.0,76.0,76.0,0.0,76,76,76.0,0.0,0.0,8,8,8,1,0.0,0.0,0.0,0.0,0,0.0,0.0,0.0,0.0,0.0,0.0,0.0,0.0,0.0,0,0,0,0,1,0,0,0,0,0,0,1.0,76.0,0,0,0.0,0.0,0.0,0.0,0.0,0.0,0.0,0.0,0.0,0.0,0.0,0.0,0.0,0.0,76.0,76.0,0,1,1,76,76
192.168.43.203,192.168.43.96,35437,53,17,2022-09-19 11:35:33,1877.5463104248047,83087.16495238095,1065.2200634920634,532.6100317460317,532.6100317460317,1,1,78,78,78.0,78.0,78.0,0.0,78.0,78.0,78.0,0.0,78,78,78.0,0.0,0.0,8,8,8,1,0.0,0.0,0.0,0.0,0,0.0,0.0,0.0,0.0,0.0,0.0,0.0,0.0,0.0,0,0,0,0,1,0,0,0,0,0,0,1.0,78.0,0,0,0.0,0.0,0.0,0.0,0.0,0.0,0.0,0.0,0.0,0.0,0.0,0.0,0.0,0.0,78.0,78.0,0,1,1,78,78
192.168.43.203,192.168.43.96,43166,53,17,2022-09-19 11:35:33,108580.11245727539,1436.727191283612,18.419579375430924,9.209789687715462,9.209789687715462,1,1,78,78,78.0,78.0,78.0,0.0,78.0,78.0,78.0,0.0,78,78,78.0,0.0,0.0,8,8,8,1,0.0,0.0,0.0,0.0,0,0.0,0.0,0.0,0.0,0.0,0.0,0.0,0.0,0.0,0,0,0,0,1,0,0,0,0,0,0,1.0,78.0,0,0,0.0,0.0,0.0,0.0,0.0,0.0,0.0,0.0,0.0,0.0,0.0,0.0,0.0,0.0,78.0,78.0,0,1,1,78,78
192.168.43.203,34.107.204.85,57170,443,6,2022-09-19 11:35:34,163346.7674255371,2093.7053447103162,24.48778180947738,12.24389090473869,12.24389090473869,2,2,171,171,105.0,66.0,85.5,19.5,105.0,66.0,85.5,19.5,105,66,85.5,19.5,380.25,40,40,20,1,54448.92247517904,123117.68531799316,0.476837158203125,51258.33149893489,0,0.0,0.0,0.0,0.0,0.0,0.0,0.0,0.0,0.0,0,0,0,0,1,0,0,0,0,0,0,1.0,85.5,501,303,0.0,0.0,0.0,0.0,123117.68531799316,40228.12843322754,81672.90687561035,41444.77844238281,0.0,0.0,0.0,0.0,0.0,0.0,85.5,85.5,0,2,2,171,171
192.168.43.203,192.168.43.96,53979,53,17,2022-09-19 11:35:33,5200879.096984863,43.83874259491627,0.5768255604594247,0.3845503736396164,0.1922751868198082,2,1,152,76,76.0,76.0,76.0,0.0,76.0,76.0,76.0,0.0,76,76,76.0,0.0,0.0,16,8,8,2,2600439.5484924316,5198826.551437378,2052.5455474853516,2598387.0029449463,0,0.0,0.0,0.0,0.0,0.0,0.0,0.0,0.0,0.0,0,0,0,0,1,0,0,0,0,0,0,0.5,76.0,0,0,0.0,0.0,0.0,0.0,0.0,0.0,0.0,0.0,0.0,0.0,0.0,0.0,0.0,0.0,76.0,76.0,0,2,1,152,76
192.168.43.203,34.237.73.95,39456,443,6,2022-09-19 11:35:43,254400.73013305664,3187.8839324707556,11.792418985711796,7.861612657141197,3.9308063285705983,2,1,420,391,354.0,66.0,210.0,144.0,391.0,391.0,391.0,0.0,391,66,270.3333333333333,145.27292322460585,21104.222222222223,40,20,20,1,127200.36506652832,254288.6734008789,112.05673217773438,127088.30833435059,0,0.0,0.0,0.0,0.0,0.0,0.0,0.0,0.0,0.0,0,0,0,0,1,0,0,0,0,0,0,0.5,270.3333333333333,501,201,0.0,0.0,0.0,0.0,0.0,0.0,0.0,0.0,0.0,0.0,0.0,0.0,0.0,0.0,210.0,391.0,0,2,1,420,391
192.168.43.203,192.168.43.96,54559,53,17,2022-09-19 11:35:44,70547.34230041504,3912.2664440666854,28.349756841062938,14.174878420531469,14.174878420531469,1,1,74,202,74.0,74.0,74.0,0.0,202.0,202.0,202.0,0.0,202,74,138.0,64.0,4096.0,8,8,8,1,0.0,0.0,0.0,0.0,0,0.0,0.0,0.0,0.0,0.0,0.0,0.0,0.0,0.0,0,0,0,0,1,0,0,0,0,0,0,1.0,138.0,0,0,0.0,0.0,0.0,0.0,0.0,0.0,0.0,0.0,0.0,0.0,0.0,0.0,0.0,0.0,74.0,202.0,0,1,1,74,202
192.168.43.203,192.168.43.96,35713,53,17,2022-09-19 11:35:44,8869.171142578125,16687.015913978496,225.50021505376344,112.75010752688172,112.75010752688172,1,1,74,74,74.0,74.0,74.0,0.0,74.0,74.0,74.0,0.0,74,74,74.0,0.0,0.0,8,8,8,1,0.0,0.0,0.0,0.0,0,0.0,0.0,0.0,0.0,0.0,0.0,0.0,0.0,0.0,0,0,0,0,1,0,0,0,0,0,0,1.0,74.0,0,0,0.0,0.0,0.0,0.0,0.0,0.0,0.0,0.0,0.0,0.0,0.0,0.0,0.0,0.0,74.0,74.0,0,1,1,74,74
192.168.43.203,192.168.43.96,45500,53,17,2022-09-19 11:35:45,48216.58134460449,2986.524469058274,41.479506514698244,20.739753257349122,20.739753257349122,1,1,72,72,72.0,72.0,72.0,0.0,72.0,72.0,72.0,0.0,72,72,72.0,0.0,0.0,8,8,8,1,0.0,0.0,0.0,0.0,0,0.0,0.0,0.0,0.0,0.0,0.0,0.0,0.0,0.0,0,0,0,0,1,0,0,0,0,0,0,1.0,72.0,0,0,0.0,0.0,0.0,0.0,0.0,0.0,0.0,0.0,0.0,0.0,0.0,0.0,0.0,0.0,72.0,72.0,0,1,1,72,72
192.168.43.203,34.117.46.154,52815,443,17,2022-09-19 11:34:53,93572211.02714539,175.67181345358316,0.6946506797957722,0.3954165408068242,0.2992341389889481,37,28,14030,2408,1399.0,71.0,379.18918918918916,536.9096676671762,131.0,70.0,86.0,26.009613607279906,1399,70,252.8923076923077,430.653782881399,185462.68071005915,296,224,8,37,1462065.7972991467,13543183.326721191,0.7152557373046875,3842989.264936509,93572211.02714539,13543183.326721191,38.14697265625,2599228.084087372,4856276.645105829,79924270.15304565,13167434.930801392,0.7152557373046875,2960158.153816506,5034628.614621389,0,0,0,0,1,0,0,0,0,0,0,0.7567567567567568,252.8923076923077,0,0,13542665.719985962,18179.41665649414,4214527.509429238,5604613.522973006,13543183.326721191,5691.289901733398,2575922.1381611293,4809981.185144587,2873.0,4.0,0.0,0.0,15595.053412985184,0.0,379.18918918918916,86.0,0,37,28,14030,2408
172.217.19.16,192.168.43.203,443,41798,17,2022-09-19 11:34:53,93688423.63357544,13402.744451236524,12.317423596680488,9.755741046244339,2.56168255043615,914,240,1233974,21708,1399.0,71.0,1350.0809628008753,210.08930061469346,609.0,73.0,90.45,89.09497273509133,1399,71,1088.1126516464471,545.8617051730453,297965.00117442454,7312,1920,8,914,81256.14437556536,13288871.049880981,-29.802322387695312,984730.7489235599,93688423.63357544,13372325.658798218,0.0,102616.01712330278,1117527.459553195,93680592.53692627,13291943.311691284,165.70091247558594,391969.00643065386,2135047.451009903,0,0,0,0,1,0,0,0,0,0,0,0.26258205689277897,1088.1126516464471,0,0,13267596.72164917,199.79476928710938,1914303.0891815822,4439054.653436279,13285798.788070679,5132.913589477539,1837871.2368011475,4373602.439077464,11193.985294117647,8.455882352941176,0.0,0.0,12644724.369535428,0.0,1350.0809628008753,90.45,0,914,240,1233974,21708
192.168.43.203,35.186.228.49,55854,443,6,2022-09-19 11:34:56,90531912.32681274,3929.432073806323,9.576733526518268,4.539835616377172,5.036897910141096,411,456,279950,75789,1442.0,66.0,681.1435523114355,639.3162301760034,1442.0,66.0,166.20394736842104,276.979969638437,1442,66,410.3102652825836,547.9211457282393,300217.5819361464,8220,9120,20,282,104530.32043183924,9340332.984924316,-332.83233642578125,818642.6283629461,90419124.12643433,9420999.05014038,2.6226043701171875,220534.4490888642,1191379.4940113544,90340423.82240295,9419812.202453613,0.0,198550.38202725924,1136144.161812535,0,0,0,0,1,0,0,0,0,0,0,1.1094890510948905,410.3102652825836,2331,1050,9339726.92489624,41.24641418457031,812108.636996068,2178987.450024626,9259666.919708252,5222.082138061523,676584.3293139043,1989080.8600953291,15747.875,16.25,1557.6896551724137,7.206896551724138,128514.52819490219,26830.029437382935,681.1435523114355,166.20394736842104,0,411,456,279950,75789
192.168.43.203,192.168.43.96,50145,53,17,2022-09-19 11:35:45,295083.52279663086,542.2193638045683,6.777742047557103,3.3888710237785515,3.3888710237785515,1,1,72,88,72.0,72.0,72.0,0.0,88.0,88.0,88.0,0.0,88,72,80.0,8.0,64.0,8,8,8,1,0.0,0.0,0.0,0.0,0,0.0,0.0,0.0,0.0,0.0,0.0,0.0,0.0,0.0,0,0,0,0,1,0,0,0,0,0,0,1.0,80.0,0,0,0.0,0.0,0.0,0.0,0.0,0.0,0.0,0.0,0.0,0.0,0.0,0.0,0.0,0.0,72.0,88.0,0,1,1,72,88
192.168.43.203,192.168.43.96,59224,53,17,2022-09-19 11:35:46,1834.3925476074219,85041.77592929556,1090.2791785807121,545.1395892903561,545.1395892903561,1,1,78,78,78.0,78.0,78.0,0.0,78.0,78.0,78.0,0.0,78,78,78.0,0.0,0.0,8,8,8,1,0.0,0.0,0.0,0.0,0,0.0,0.0,0.0,0.0,0.0,0.0,0.0,0.0,0.0,0,0,0,0,1,0,0,0,0,0,0,1.0,78.0,0,0,0.0,0.0,0.0,0.0,0.0,0.0,0.0,0.0,0.0,0.0,0.0,0.0,0.0,0.0,78.0,78.0,0,1,1,78,78
192.168.43.203,192.168.43.96,52659,53,17,2022-09-19 11:35:46,134385.1089477539,1413.8471255313561,14.882601321382698,7.441300660691349,7.441300660691349,1,1,79,111,79.0,79.0,79.0,0.0,111.0,111.0,111.0,0.0,111,79,95.0,16.0,256.0,8,8,8,1,0.0,0.0,0.0,0.0,0,0.0,0.0,0.0,0.0,0.0,0.0,0.0,0.0,0.0,0,0,0,0,1,0,0,0,0,0,0,1.0,95.0,0,0,0.0,0.0,0.0,0.0,0.0,0.0,0.0,0.0,0.0,0.0,0.0,0.0,0.0,0.0,79.0,111.0,0,1,1,79,111
192.168.43.203,192.168.43.96,55965,53,17,2022-09-19 11:35:46,117068.52912902832,1332.5528317526134,17.084010663495043,8.542005331747522,8.542005331747522,1,1,78,78,78.0,78.0,78.0,0.0,78.0,78.0,78.0,0.0,78,78,78.0,0.0,0.0,8,8,8,1,0.0,0.0,0.0,0.0,0,0.0,0.0,0.0,0.0,0.0,0.0,0.0,0.0,0.0,0,0,0,0,1,0,0,0,0,0,0,1.0,78.0,0,0,0.0,0.0,0.0,0.0,0.0,0.0,0.0,0.0,0.0,0.0,0.0,0.0,0.0,0.0,78.0,78.0,0,1,1,78,78
192.168.43.203,192.168.43.96,44984,53,17,2022-09-19 11:35:47,41891.33644104004,5681.365652656441,47.74256850971799,23.871284254858995,23.871284254858995,1,1,79,159,79.0,79.0,79.0,0.0,159.0,159.0,159.0,0.0,159,79,119.0,40.0,1600.0,8,8,8,1,0.0,0.0,0.0,0.0,0,0.0,0.0,0.0,0.0,0.0,0.0,0.0,0.0,0.0,0,0,0,0,1,0,0,0,0,0,0,1.0,119.0,0,0,0.0,0.0,0.0,0.0,0.0,0.0,0.0,0.0,0.0,0.0,0.0,0.0,0.0,0.0,79.0,159.0,0,1,1,79,159
172.67.68.36,192.168.43.203,443,59452,6,2022-09-19 11:34:48,103011965.03639221,10.484218989691694,0.14561415263460686,0.09707610175640456,0.04853805087820228,10,5,665,415,79.0,54.0,66.5,12.5,83.0,83.0,83.0,0.0,83,54,72.0,12.832251036613439,164.66666666666666,200,100,20,5,7357997.502599443,26043832.540512085,1132.0114135742188,11479167.581513695,103011965.03639221,26043832.540512085,169949.05471801758,11445773.892932467,12577366.450382205,102840826.0345459,26248699.188232422,25496533.87069702,25710206.508636475,313641.86381954455,0,0,0,0,1,0,0,0,0,0,0,0.5,72.0,8,501,26042429.208755493,2593.2788848876953,20404031.658172607,10204570.975300027,25840369.22454834,167142.39120483398,11353724.161783854,12478056.141805477,0.0,0.0,0.0,0.0,0.0,0.0,66.5,83.0,0,10,5,665,415
192.168.43.203,35.186.194.58,38120,443,17,2022-09-19 11:34:53,95501137.25662231,976.3025098796362,1.8114967524955174,1.1518187443613117,0.6596780081342059,110,63,87678,5560,1399.0,71.0,797.0727272727273,618.9324637718914,142.0,70.0,88.25396825396825,29.220001984924508,1399,70,538.9479768786127,600.1844925014805,360221.4250392596,880,504,8,110,555239.1700966414,14393145.322799683,0.2384185791015625,2060218.9690983729,95436935.18638611,14474678.51638794,33.37860107421875,875568.2127191386,2556326.072232554,90378955.3642273,14540755.987167358,0.2384185791015625,1457725.086519795,3234205.7907776334,0,0,0,0,1,0,0,0,0,0,0,0.5727272727272728,538.9479768786127,0,0,14393087.62550354,72.00241088867188,1801227.8721882747,3435655.6162223504,14311612.129211426,5787.372589111328,1171598.842740059,2873548.8355223914,6870.571428571428,5.428571428571429,0.0,0.0,166891.0319831753,0.0,797.0727272727273,88.25396825396825,0,110,63,87678,5560
192.168.43.203,75.2.88.188,33658,443,6,2022-09-19 11:35:38,8388954.162597656,217.7863848804564,0.9536349638990975,0.47681748194954876,0.47681748194954876,4,4,1517,310,1186.0,66.0,379.25,466.7929814168161,112.0,66.0,77.5,19.91858428704209,1186,66,228.375,363.1934531004104,131909.484375,80,80,20,3,1198422.0232282367,7807695.388793945,0.2384185791015625,2700487.419796017,8188468.933105469,7807695.388793945,33.37860107421875,2729489.6443684897,3594195.746985646,8319481.84967041,8008345.603942871,0.2384185791015625,2773160.616556803,3704013.3869255115,0,0,0,0,1,0,0,0,0,0,0,1.0,228.375,501,1325,7807662.010192871,311004.1618347168,4059333.086013794,3748328.924179077,7807563.543319702,69472.3129272461,2079787.790775299,3307543.9549887856,0.0,0.0,0.0,0.0,0.0,0.0,379.25,77.5,0,4,4,1517,310
192.168.43.203,192.168.43.96,59315,53,17,2022-09-19 11:35:48,141378.64112854004,1075.1270403129927,14.146408425170957,7.073204212585479,7.073204212585479,1,1,76,76,76.0,76.0,76.0,0.0,76.0,76.0,76.0,0.0,76,76,76.0,0.0,0.0,8,8,8,1,0.0,0.0,0.0,0.0,0,0.0,0.0,0.0,0.0,0.0,0.0,0.0,0.0,0.0,0,0,0,0,1,0,0,0,0,0,0,1.0,76.0,0,0,0.0,0.0,0.0,0.0,0.0,0.0,0.0,0.0,0.0,0.0,0.0,0.0,0.0,0.0,76.0,76.0,0,1,1,76,76
192.168.43.203,35.186.228.49,55868,443,6,2022-09-19 11:35:05,93458064.55612183,151.23360479514847,1.4551981217022916,0.6954991022841835,0.7596990194181081,65,71,7218,6916,282.0,66.0,111.04615384615384,39.18415329980329,281.0,66.0,97.40845070422536,43.634066502808494,282,66,103.92647058823529,42.1212591903251,1774.2004757785467,1300,1420,20,45,692278.7666320801,12896828.651428223,-125.40817260742188,2577802.9824346043,93397280.93147278,12977807.760238647,15.735626220703125,1459332.5145542622,3619572.456547056,93243457.07893372,13007061.48147583,0.0,1332049.3868419102,3497849.4324655966,0,0,0,0,1,0,0,0,0,0,0,1.0923076923076922,103.92647058823529,501,282,12881388.425827026,1446.4855194091797,2836439.497768879,4670709.435550025,12846424.102783203,6914.377212524414,1816447.3819732666,3959203.247559617,432.0,6.0,413.0,6.0,43555.18684647004,686854.699444885,111.04615384615384,97.40845070422536,0,65,71,7218,6916
192.168.43.203,192.168.43.96,39403,53,17,2022-09-19 11:36:00,5005385.637283325,46.749644674132156,0.5993544188991302,0.39956961259942014,0.19978480629971007,2,1,156,78,78.0,78.0,78.0,0.0,78.0,78.0,78.0,0.0,78,78,78.0,0.0,0.0,16,8,8,2,2502692.8186416626,5003724.098205566,1661.539077758789,2501031.279563904,0,0.0,0.0,0.0,0.0,0.0,0.0,0.0,0.0,0.0,0,0,0,0,1,0,0,0,0,0,0,0.5,78.0,0,0,0.0,0.0,0.0,0.0,0.0,0.0,0.0,0.0,0.0,0.0,0.0,0.0,0.0,0.0,78.0,78.0,0,2,1,156,78
192.168.43.203,192.168.43.96,56782,53,17,2022-09-19 11:36:03,1795.053482055664,84677.14278124584,1114.1729313321823,557.0864656660912,557.0864656660912,1,1,76,76,76.0,76.0,76.0,0.0,76.0,76.0,76.0,0.0,76,76,76.0,0.0,0.0,8,8,8,1,0.0,0.0,0.0,0.0,0,0.0,0.0,0.0,0.0,0.0,0.0,0.0,0.0,0.0,0,0,0,0,1,0,0,0,0,0,0,1.0,76.0,0,0,0.0,0.0,0.0,0.0,0.0,0.0,0.0,0.0,0.0,0.0,0.0,0.0,0.0,0.0,76.0,76.0,0,1,1,76,76
192.168.43.203,192.168.43.96,51805,53,17,2022-09-19 11:36:03,2019.8822021484375,75251.91312559017,990.1567516525024,495.0783758262512,495.0783758262512,1,1,76,76,76.0,76.0,76.0,0.0,76.0,76.0,76.0,0.0,76,76,76.0,0.0,0.0,8,8,8,1,0.0,0.0,0.0,0.0,0,0.0,0.0,0.0,0.0,0.0,0.0,0.0,0.0,0.0,0,0,0,0,1,0,0,0,0,0,0,1.0,76.0,0,0,0.0,0.0,0.0,0.0,0.0,0.0,0.0,0.0,0.0,0.0,0.0,0.0,0.0,0.0,76.0,76.0,0,1,1,76,76
192.168.43.203,192.168.43.96,52289,53,17,2022-09-19 11:36:04,53429.365158081055,4005.2880914238795,37.432598985269905,18.716299492634953,18.716299492634953,1,1,99,115,99.0,99.0,99.0,0.0,115.0,115.0,115.0,0.0,115,99,107.0,8.0,64.0,8,8,8,1,0.0,0.0,0.0,0.0,0,0.0,0.0,0.0,0.0,0.0,0.0,0.0,0.0,0.0,0,0,0,0,1,0,0,0,0,0,0,1.0,107.0,0,0,0.0,0.0,0.0,0.0,0.0,0.0,0.0,0.0,0.0,0.0,0.0,0.0,0.0,0.0,99.0,115.0,0,1,1,99,115
192.168.43.203,192.168.43.96,57355,53,17,2022-09-19 11:36:04,1181.3640594482422,167602.86417759839,1692.9582240161453,846.4791120080727,846.4791120080727,1,1,99,99,99.0,99.0,99.0,0.0,99.0,99.0,99.0,0.0,99,99,99.0,0.0,0.0,8,8,8,1,0.0,0.0,0.0,0.0,0,0.0,0.0,0.0,0.0,0.0,0.0,0.0,0.0,0.0,0,0,0,0,1,0,0,0,0,0,0,1.0,99.0,0,0,0.0,0.0,0.0,0.0,0.0,0.0,0.0,0.0,0.0,0.0,0.0,0.0,0.0,0.0,99.0,99.0,0,1,1,99,99
192.168.43.203,34.122.121.32,52232,80,6,2022-09-19 11:36:10,2005689.3825531006,529.9923354267729,5.982980268223213,3.4900718231302075,2.4929084450930055,7,5,577,486,153.0,66.0,82.42857142857143,29.15895913710199,214.0,66.0,97.2,58.48213402399061,214,66,88.58333333333333,44.430579434539105,1974.0763888888894,140,100,20,1,182335.39841391824,1001251.4591217041,11.920928955078125,296268.32222589996,1722998.3806610107,1001251.4591217041,74.3865966796875,287166.39677683514,358898.8125951007,592935.8005523682,282783.74671936035,485.6586456298828,148233.95013809204,133912.77583365995,0,0,0,0,1,0,0,0,0,0,0,0.7142857142857143,88.58333333333333,64240,508,1001049.0417480469,280359.50660705566,640704.2741775513,360344.7675704956,1001251.4591217041,280231.4758300781,521366.51674906415,339331.29402749485,0.0,0.0,0.0,0.0,0.0,0.0,82.42857142857143,97.2,0,7,5,577,486
192.168.43.203,192.168.43.96,48838,53,17,2022-09-19 11:36:13,1127.481460571289,138361.47684499895,1773.8650877563966,886.9325438781983,886.9325438781983,1,1,78,78,78.0,78.0,78.0,0.0,78.0,78.0,78.0,0.0,78,78,78.0,0.0,0.0,8,8,8,1,0.0,0.0,0.0,0.0,0,0.0,0.0,0.0,0.0,0.0,0.0,0.0,0.0,0.0,0,0,0,0,1,0,0,0,0,0,0,1.0,78.0,0,0,0.0,0.0,0.0,0.0,0.0,0.0,0.0,0.0,0.0,0.0,0.0,0.0,0.0,0.0,78.0,78.0,0,1,1,78,78
192.168.43.203,192.168.43.96,49065,53,17,2022-09-19 11:36:13,1632.6904296875,95547.81308411215,1224.9719626168223,612.4859813084112,612.4859813084112,1,1,78,78,78.0,78.0,78.0,0.0,78.0,78.0,78.0,0.0,78,78,78.0,0.0,0.0,8,8,8,1,0.0,0.0,0.0,0.0,0,0.0,0.0,0.0,0.0,0.0,0.0,0.0,0.0,0.0,0,0,0,0,1,0,0,0,0,0,0,1.0,78.0,0,0,0.0,0.0,0.0,0.0,0.0,0.0,0.0,0.0,0.0,0.0,0.0,0.0,0.0,0.0,78.0,78.0,0,1,1,78,78
192.168.43.203,192.168.43.96,55984,53,17,2022-09-19 11:36:13,10913.13362121582,13928.171804338803,183.26541847814212,91.63270923907106,91.63270923907106,1,1,76,76,76.0,76.0,76.0,0.0,76.0,76.0,76.0,0.0,76,76,76.0,0.0,0.0,8,8,8,1,0.0,0.0,0.0,0.0,0,0.0,0.0,0.0,0.0,0.0,0.0,0.0,0.0,0.0,0,0,0,0,1,0,0,0,0,0,0,1.0,76.0,0,0,0.0,0.0,0.0,0.0,0.0,0.0,0.0,0.0,0.0,0.0,0.0,0.0,0.0,0.0,76.0,76.0,0,1,1,76,76
192.168.43.203,44.239.126.203,38134,443,6,2022-09-19 11:35:44,30414759.635925293,78.77754184747506,0.46030283216387763,0.2630301898079301,0.19727264235594755,8,6,1548,848,513.0,66.0,193.5,176.94914523670354,254.0,66.0,141.33333333333334,81.16375764807563,513,66,171.14285714285714,146.22480595832917,21381.693877551017,160,120,20,4,2339577.3814274715,29587064.027786255,-137.3291015625,7867061.101115767,30414759.635925293,29587064.027786255,49.35264587402344,4344965.662275041,10306618.324533975,30002683.401107788,30002682.44743347,0.0,6000536.680221558,12001072.883605959,0,0,0,0,1,0,0,0,0,0,0,0.75,171.14285714285714,501,341,29585875.034332275,49.35264587402344,9999228.874842325,13850870.194268076,29586991.31011963,411785.6025695801,10137269.099553427,13753030.476674723,0.0,0.0,0.0,0.0,0.0,0.0,193.5,141.33333333333334,0,8,6,1548,848
34.237.73.95,192.168.43.203,443,39456,6,2022-09-19 11:36:13,475172.0428466797,947.0254127412926,8.41800366881149,4.209001834405745,4.209001834405745,2,2,164,286,98.0,66.0,82.0,16.0,220.0,66.0,143.0,77.0,220,66,112.5,63.425152739272136,4022.75,40,40,20,1,158390.68094889322,417468.0709838867,17.642974853515625,184701.99395105557,0,0.0,0.0,0.0,0.0,0.0,0.0,0.0,0.0,0.0,0,0,0,0,1,0,0,0,0,0,0,1.0,112.5,201,501,0.0,0.0,0.0,0.0,359781.74209594727,57668.68591308594,208725.2140045166,151056.52809143066,0.0,0.0,0.0,0.0,0.0,0.0,82.0,143.0,0,2,2,164,286
192.168.43.203,35.164.47.107,44226,443,6,2022-09-19 11:36:14,4095964.9085998535,80.56709648735875,1.2207135831417995,1.2207135831417995,0.0,5,0,330,0,66.0,66.0,66.0,0.0,0.0,0.0,0.0,0.0,66,66,66.0,0.0,0.0,100,0,20,0,1023991.2271499634,1024019.2413330078,1023980.6175231934,16.196239291511898,4095964.9085998535,1024019.2413330078,1023980.6175231934,1023991.2271499634,16.196239291511898,0.0,0.0,0.0,0.0,0.0,0,0,0,0,1,0,0,0,0,0,0,0.0,66.0,501,0,0.0,0.0,0.0,0.0,0.0,0.0,0.0,0.0,0.0,0.0,0.0,0.0,0.0,0.0,66.0,0.0,0,5,0,330,0
192.168.43.203,192.168.43.96,48884,53,17,2022-09-19 11:36:14,1578.3309936523438,93769.93836858006,1267.161329305136,633.580664652568,633.580664652568,1,1,74,74,74.0,74.0,74.0,0.0,74.0,74.0,74.0,0.0,74,74,74.0,0.0,0.0,8,8,8,1,0.0,0.0,0.0,0.0,0,0.0,0.0,0.0,0.0,0.0,0.0,0.0,0.0,0.0,0,0,0,0,1,0,0,0,0,0,0,1.0,74.0,0,0,0.0,0.0,0.0,0.0,0.0,0.0,0.0,0.0,0.0,0.0,0.0,0.0,0.0,0.0,74.0,74.0,0,1,1,74,74
192.168.43.203,192.168.43.96,47445,53,17,2022-09-19 11:36:14,2237.558364868164,66143.52605221097,893.8314331379861,446.91571656899305,446.91571656899305,1,1,74,74,74.0,74.0,74.0,0.0,74.0,74.0,74.0,0.0,74,74,74.0,0.0,0.0,8,8,8,1,0.0,0.0,0.0,0.0,0,0.0,0.0,0.0,0.0,0.0,0.0,0.0,0.0,0.0,0,0,0,0,1,0,0,0,0,0,0,1.0,74.0,0,0,0.0,0.0,0.0,0.0,0.0,0.0,0.0,0.0,0.0,0.0,0.0,0.0,0.0,0.0,74.0,74.0,0,1,1,74,74
192.168.43.203,192.168.43.96,50366,53,17,2022-09-19 11:36:18,62554.59785461426,2429.877342561925,31.972070296867436,15.986035148433718,15.986035148433718,1,1,76,76,76.0,76.0,76.0,0.0,76.0,76.0,76.0,0.0,76,76,76.0,0.0,0.0,8,8,8,1,0.0,0.0,0.0,0.0,0,0.0,0.0,0.0,0.0,0.0,0.0,0.0,0.0,0.0,0,0,0,0,1,0,0,0,0,0,0,1.0,76.0,0,0,0.0,0.0,0.0,0.0,0.0,0.0,0.0,0.0,0.0,0.0,0.0,0.0,0.0,0.0,76.0,76.0,0,1,1,76,76
192.168.43.203,192.168.43.96,51343,53,17,2022-09-19 11:36:19,40788.888931274414,5467.175150951888,49.0329609950842,24.5164804975421,24.5164804975421,1,1,72,151,72.0,72.0,72.0,0.0,151.0,151.0,151.0,0.0,151,72,111.5,39.5,1560.25,8,8,8,1,0.0,0.0,0.0,0.0,0,0.0,0.0,0.0,0.0,0.0,0.0,0.0,0.0,0.0,0,0,0,0,1,0,0,0,0,0,0,1.0,111.5,0,0,0.0,0.0,0.0,0.0,0.0,0.0,0.0,0.0,0.0,0.0,0.0,0.0,0.0,0.0,72.0,151.0,0,1,1,72,151
192.168.43.203,192.168.43.96,46295,53,17,2022-09-19 11:36:19,67868.70956420898,4096.143889946674,29.468661078753048,14.734330539376524,14.734330539376524,1,1,72,206,72.0,72.0,72.0,0.0,206.0,206.0,206.0,0.0,206,72,139.0,67.0,4489.0,8,8,8,1,0.0,0.0,0.0,0.0,0,0.0,0.0,0.0,0.0,0.0,0.0,0.0,0.0,0.0,0,0,0,0,1,0,0,0,0,0,0,1.0,139.0,0,0,0.0,0.0,0.0,0.0,0.0,0.0,0.0,0.0,0.0,0.0,0.0,0.0,0.0,0.0,72.0,206.0,0,1,1,72,206
192.168.43.203,192.168.43.96,45061,53,17,2022-09-19 11:36:19,1443.3860778808594,151033.74165840767,1385.630657416584,692.815328708292,692.815328708292,1,1,109,109,109.0,109.0,109.0,0.0,109.0,109.0,109.0,0.0,109,109,109.0,0.0,0.0,8,8,8,1,0.0,0.0,0.0,0.0,0,0.0,0.0,0.0,0.0,0.0,0.0,0.0,0.0,0.0,0,0,0,0,1,0,0,0,0,0,0,1.0,109.0,0,0,0.0,0.0,0.0,0.0,0.0,0.0,0.0,0.0,0.0,0.0,0.0,0.0,0.0,0.0,109.0,109.0,0,1,1,109,109
192.168.43.203,40.76.174.66,38616,443,6,2022-09-19 11:36:18,1737007.8563690186,792.7425284525963,6.908431620501928,4.029918445292791,2.878513175209137,7,5,823,554,357.0,54.0,117.57142857142857,102.00540201781632,173.0,54.0,110.8,39.59494917284274,357,54,114.75,82.06107989377993,6734.020833333333,140,100,20,3,157899.1629860618,830899.4770050049,-117.06352233886719,250898.43835186388,1737007.8563690186,830899.4770050049,50.78315734863281,289501.3093948364,278085.85936635744,1474495.8877563477,1169058.5613250732,0.0,368623.9719390869,478658.2962158551,0,0,0,0,1,0,0,0,0,0,0,0.7142857142857143,114.75,501,2047,830848.6938476562,262384.41467285156,477060.15904744464,252061.0845535054,830844.6407318115,262439.2509460449,434098.5417366028,230622.77544196317,0.0,0.0,0.0,0.0,0.0,0.0,117.57142857142857,110.8,0,7,5,823,554
192.168.43.203,192.168.43.96,46611,53,17,2022-09-19 11:36:23,52948.4748840332,4230.527895101809,37.77257049198044,18.88628524599022,18.88628524599022,1,1,85,139,85.0,85.0,85.0,0.0,139.0,139.0,139.0,0.0,139,85,112.0,27.0,729.0,8,8,8,1,0.0,0.0,0.0,0.0,0,0.0,0.0,0.0,0.0,0.0,0.0,0.0,0.0,0.0,0,0,0,0,1,0,0,0,0,0,0,1.0,112.0,0,0,0.0,0.0,0.0,0.0,0.0,0.0,0.0,0.0,0.0,0.0,0.0,0.0,0.0,0.0,85.0,139.0,0,1,1,85,139
192.168.43.203,192.168.43.96,47954,53,17,2022-09-19 11:36:23,60328.96041870117,4806.978240422387,33.151574071878535,16.575787035939268,16.575787035939268,1,1,85,205,85.0,85.0,85.0,0.0,205.0,205.0,205.0,0.0,205,85,145.0,60.0,3600.0,8,8,8,1,0.0,0.0,0.0,0.0,0,0.0,0.0,0.0,0.0,0.0,0.0,0.0,0.0,0.0,0,0,0,0,1,0,0,0,0,0,0,1.0,145.0,0,0,0.0,0.0,0.0,0.0,0.0,0.0,0.0,0.0,0.0,0.0,0.0,0.0,0.0,0.0,85.0,205.0,0,1,1,85,205
192.168.43.203,192.168.43.96,40285,53,17,2022-09-19 11:36:24,927.2098541259766,181188.75597840062,2157.0089997428645,1078.5044998714322,1078.5044998714322,1,1,84,84,84.0,84.0,84.0,0.0,84.0,84.0,84.0,0.0,84,84,84.0,0.0,0.0,8,8,8,1,0.0,0.0,0.0,0.0,0,0.0,0.0,0.0,0.0,0.0,0.0,0.0,0.0,0.0,0,0,0,0,1,0,0,0,0,0,0,1.0,84.0,0,0,0.0,0.0,0.0,0.0,0.0,0.0,0.0,0.0,0.0,0.0,0.0,0.0,0.0,0.0,84.0,84.0,0,1,1,84,84
192.168.43.203,192.168.43.96,48308,53,17,2022-09-19 11:36:24,694.9901580810547,241730.04185248713,2877.7385934819895,1438.8692967409947,1438.8692967409947,1,1,84,84,84.0,84.0,84.0,0.0,84.0,84.0,84.0,0.0,84,84,84.0,0.0,0.0,8,8,8,1,0.0,0.0,0.0,0.0,0,0.0,0.0,0.0,0.0,0.0,0.0,0.0,0.0,0.0,0,0,0,0,1,0,0,0,0,0,0,1.0,84.0,0,0,0.0,0.0,0.0,0.0,0.0,0.0,0.0,0.0,0.0,0.0,0.0,0.0,0.0,0.0,84.0,84.0,0,1,1,84,84
192.168.43.203,34.218.168.248,42266,443,6,2022-09-19 11:36:24,1840005.1593780518,3693.4679043493256,10.869534739109257,6.5217208434655545,4.347813895643703,12,8,2401,4395,768.0,66.0,200.08333333333334,242.80460537001534,1442.0,66.0,549.375,562.8523202181901,1442,66,339.8,437.46389565311557,191374.65999999997,240,160,20,4,96842.37680937114,460513.3533477783,17.642974853515625,153914.31329553304,1840005.1593780518,460612.7738952637,101.56631469726562,167273.1963070956,181126.0877323648,1478767.3950195312,466709.6138000488,133.75282287597656,211252.48500279017,180344.68021382223,0,0,0,0,1,0,0,0,0,0,0,0.6666666666666666,339.8,64240,122,457909.34562683105,9774.208068847656,288498.8784790039,148718.56967412657,454373.5980987549,6083.250045776367,218675.6730079651,169165.34535435808,0.0,0.0,0.0,0.0,0.0,0.0,200.08333333333334,549.375,0,12,8,2401,4395
192.168.43.203,34.218.168.248,42272,443,6,2022-09-19 11:36:24,1545301.1989593506,3555.9410707119673,10.353968540744582,6.4712303379653635,3.882738202779218,10,6,1503,3992,768.0,54.0,150.3,209.50610969611364,3572.0,66.0,665.3333333333334,1300.0294441109997,3572,54,343.4375,850.518589505103,723381.87109375,200,120,20,3,103004.36019897461,461163.0439758301,-235.7959747314453,171610.8184232056,1545301.1989593506,461202.14462280273,53.16734313964844,171700.13321770562,193178.21926263443,1178924.0837097168,466709.3753814697,0.2384185791015625,235784.81674194336,198893.4083046516,0,0,0,0,1,0,0,0,0,0,0,0.6,343.4375,64240,111,461109.87663269043,362060.0700378418,407210.0321451823,40907.50850287598,455650.09117126465,5479.574203491211,306095.6001281738,157577.7566230816,0.0,0.0,0.0,0.0,0.0,0.0,150.3,665.3333333333334,0,10,6,1503,3992
192.168.43.203,192.168.43.96,37715,53,17,2022-09-19 11:36:26,32000.064849853516,4874.99012055015,62.499873340386536,31.249936670193268,31.249936670193268,1,1,78,78,78.0,78.0,78.0,0.0,78.0,78.0,78.0,0.0,78,78,78.0,0.0,0.0,8,8,8,1,0.0,0.0,0.0,0.0,0,0.0,0.0,0.0,0.0,0.0,0.0,0.0,0.0,0.0,0,0,0,0,1,0,0,0,0,0,0,1.0,78.0,0,0,0.0,0.0,0.0,0.0,0.0,0.0,0.0,0.0,0.0,0.0,0.0,0.0,0.0,0.0,78.0,78.0,0,1,1,78,78
192.168.43.203,54.169.175.250,35984,443,6,2022-09-19 11:35:37,90282336.95030212,21.731825584887392,0.19937454665034304,0.09968727332517152,0.09968727332517152,9,9,1218,744,216.0,66.0,135.33333333333334,43.05293898859352,141.0,66.0,82.66666666666667,31.18047822311618,216,66,109.0,45.8948072589191,2106.3333333333335,180,180,20,7,5310725.702958949,14859613.89541626,28.848648071289062,6038734.573280675,90114091.87316895,15005558.490753174,6889647.006988525,11264261.484146118,3744439.2219861285,90134156.70394897,15052454.471588135,6656006.574630737,11266769.587993622,3774800.4403441628,0,0,0,0,1,0,0,0,0,0,0,1.0,109.0,501,148,14576200.96206665,6655895.471572876,10442770.515169416,3586293.5899961116,14713987.350463867,148180.2463531494,9773223.055733575,4851927.916567514,0.0,0.0,0.0,0.0,0.0,0.0,135.33333333333334,82.66666666666667,0,9,9,1218,744
192.168.43.203,192.168.43.96,37582,53,17,2022-09-19 11:36:28,2003.4313201904297,75869.83315482565,998.2872783529692,499.1436391764846,499.1436391764846,1,1,76,76,76.0,76.0,76.0,0.0,76.0,76.0,76.0,0.0,76,76,76.0,0.0,0.0,8,8,8,1,0.0,0.0,0.0,0.0,0,0.0,0.0,0.0,0.0,0.0,0.0,0.0,0.0,0.0,0,0,0,0,1,0,0,0,0,0,0,1.0,76.0,0,0,0.0,0.0,0.0,0.0,0.0,0.0,0.0,0.0,0.0,0.0,0.0,0.0,0.0,0.0,76.0,76.0,0,1,1,76,76
192.168.43.203,192.168.43.96,35127,53,17,2022-09-19 11:36:28,984.4303131103516,154404.02228142408,2031.631872124001,1015.8159360620004,1015.8159360620004,1,1,76,76,76.0,76.0,76.0,0.0,76.0,76.0,76.0,0.0,76,76,76.0,0.0,0.0,8,8,8,1,0.0,0.0,0.0,0.0,0,0.0,0.0,0.0,0.0,0.0,0.0,0.0,0.0,0.0,0,0,0,0,1,0,0,0,0,0,0,1.0,76.0,0,0,0.0,0.0,0.0,0.0,0.0,0.0,0.0,0.0,0.0,0.0,0.0,0.0,0.0,0.0,76.0,76.0,0,1,1,76,76
192.168.43.203,34.107.204.85,57170,443,6,2022-09-19 11:36:33,3407298.5649108887,518.886139948889,4.402314535765461,2.347901085741579,2.0544134500238815,8,7,1057,711,517.0,66.0,132.125,146.39965633497914,139.0,66.0,101.57142857142857,26.628969954099365,517,66,117.86666666666666,109.51764951621062,11994.11555555555,160,140,20,3,243376.7659323556,2744783.1630706787,-23.84185791015625,699064.3331421922,3319299.4594573975,2744783.1630706787,53.64418029785156,474185.6370653425,939094.417424838,3277844.4290161133,2881999.0158081055,0.2384185791015625,546307.4048360189,1050142.3518708802,0,0,0,0,1,0,0,0,0,0,0,0.875,117.86666666666666,501,312,2607625.961303711,129395.4849243164,1014316.2409464518,1128942.7995866316,2744724.5121002197,87699.65171813965,782736.9570732117,1133119.3868208216,0.0,0.0,210.0,4.0,0.0,168995.36454336147,132.125,101.57142857142857,0,8,7,1057,711
192.168.43.203,192.168.43.96,49398,53,17,2022-09-19 11:36:35,1832.9620361328125,79652.49531737773,1091.130072840791,545.5650364203955,545.5650364203955,1,1,73,73,73.0,73.0,73.0,0.0,73.0,73.0,73.0,0.0,73,73,73.0,0.0,0.0,8,8,8,1,0.0,0.0,0.0,0.0,0,0.0,0.0,0.0,0.0,0.0,0.0,0.0,0.0,0.0,0,0,0,0,1,0,0,0,0,0,0,1.0,73.0,0,0,0.0,0.0,0.0,0.0,0.0,0.0,0.0,0.0,0.0,0.0,0.0,0.0,0.0,0.0,73.0,73.0,0,1,1,73,73
192.168.43.203,34.107.204.85,48946,443,17,2022-09-19 11:36:35,410311.4604949951,16421.671458728822,24.37172968051176,9.748691872204702,14.623037808307055,4,6,1787,4951,1399.0,73.0,446.75,553.9433071172537,1399.0,70.0,825.1666666666666,592.8857159876785,1399,70,673.8,606.6441790704004,368017.16000000003,32,48,8,4,45590.16227722168,149761.67678833008,0.0,58164.30541842409,410311.4604949951,211508.27407836914,47039.98565673828,136770.48683166504,67975.68475705279,268424.27253723145,152312.9940032959,0.0,53684.85450744629,56057.12561868974,0,0,0,0,1,0,0,0,0,0,0,1.5,673.8,0,0,147760.62965393066,138805.15098571777,143282.89031982422,4477.739334106445,147210.35957336426,44508.21876525879,111025.01551310222,47095.15331217726,0.0,0.0,0.0,0.0,0.0,0.0,446.75,825.1666666666666,0,4,6,1787,4951
192.168.43.203,192.168.43.96,48857,53,17,2022-09-19 11:36:39,220042.94395446777,781.6656008546721,9.08913489365898,4.54456744682949,4.54456744682949,1,1,78,94,78.0,78.0,78.0,0.0,94.0,94.0,94.0,0.0,94,78,86.0,8.0,64.0,8,8,8,1,0.0,0.0,0.0,0.0,0,0.0,0.0,0.0,0.0,0.0,0.0,0.0,0.0,0.0,0,0,0,0,1,0,0,0,0,0,0,1.0,86.0,0,0,0.0,0.0,0.0,0.0,0.0,0.0,0.0,0.0,0.0,0.0,0.0,0.0,0.0,0.0,78.0,94.0,0,1,1,78,94
192.168.43.203,192.168.43.96,52349,53,17,2022-09-19 11:36:40,1807.9280853271484,86286.61796122906,1106.238691810629,553.1193459053145,553.1193459053145,1,1,78,78,78.0,78.0,78.0,0.0,78.0,78.0,78.0,0.0,78,78,78.0,0.0,0.0,8,8,8,1,0.0,0.0,0.0,0.0,0,0.0,0.0,0.0,0.0,0.0,0.0,0.0,0.0,0.0,0,0,0,0,1,0,0,0,0,0,0,1.0,78.0,0,0,0.0,0.0,0.0,0.0,0.0,0.0,0.0,0.0,0.0,0.0,0.0,0.0,0.0,0.0,78.0,78.0,0,1,1,78,78
192.168.43.203,192.168.43.96,55540,53,17,2022-09-19 11:36:43,2051.115036010742,74106.03370917121,975.0793909101476,487.5396954550738,487.5396954550738,1,1,76,76,76.0,76.0,76.0,0.0,76.0,76.0,76.0,0.0,76,76,76.0,0.0,0.0,8,8,8,1,0.0,0.0,0.0,0.0,0,0.0,0.0,0.0,0.0,0.0,0.0,0.0,0.0,0.0,0,0,0,0,1,0,0,0,0,0,0,1.0,76.0,0,0,0.0,0.0,0.0,0.0,0.0,0.0,0.0,0.0,0.0,0.0,0.0,0.0,0.0,0.0,76.0,76.0,0,1,1,76,76
192.168.43.203,192.168.43.96,51866,53,17,2022-09-19 11:36:43,1244.5449829101562,122132.99003831418,1607.0130268199234,803.5065134099617,803.5065134099617,1,1,76,76,76.0,76.0,76.0,0.0,76.0,76.0,76.0,0.0,76,76,76.0,0.0,0.0,8,8,8,1,0.0,0.0,0.0,0.0,0,0.0,0.0,0.0,0.0,0.0,0.0,0.0,0.0,0.0,0,0,0,0,1,0,0,0,0,0,0,1.0,76.0,0,0,0.0,0.0,0.0,0.0,0.0,0.0,0.0,0.0,0.0,0.0,0.0,0.0,0.0,0.0,76.0,76.0,0,1,1,76,76
192.168.43.203,192.168.43.96,51961,53,17,2022-09-19 11:36:52,3132.8201293945312,45964.975342465754,638.4024353120244,319.2012176560122,319.2012176560122,1,1,72,72,72.0,72.0,72.0,0.0,72.0,72.0,72.0,0.0,72,72,72.0,0.0,0.0,8,8,8,1,0.0,0.0,0.0,0.0,0,0.0,0.0,0.0,0.0,0.0,0.0,0.0,0.0,0.0,0,0,0,0,1,0,0,0,0,0,0,1.0,72.0,0,0,0.0,0.0,0.0,0.0,0.0,0.0,0.0,0.0,0.0,0.0,0.0,0.0,0.0,0.0,72.0,72.0,0,1,1,72,72
192.168.43.203,192.168.43.96,43821,53,17,2022-09-19 11:36:52,55122.85232543945,5006.997794136729,36.28259271113572,18.14129635556786,18.14129635556786,1,1,82,194,82.0,82.0,82.0,0.0,194.0,194.0,194.0,0.0,194,82,138.0,56.0,3136.0,8,8,8,1,0.0,0.0,0.0,0.0,0,0.0,0.0,0.0,0.0,0.0,0.0,0.0,0.0,0.0,0,0,0,0,1,0,0,0,0,0,0,1.0,138.0,0,0,0.0,0.0,0.0,0.0,0.0,0.0,0.0,0.0,0.0,0.0,0.0,0.0,0.0,0.0,82.0,194.0,0,1,1,82,194
192.168.43.203,192.168.43.96,57118,53,17,2022-09-19 11:36:53,55455.20782470703,4291.7520163717345,36.06514299472046,18.03257149736023,18.03257149736023,1,1,79,159,79.0,79.0,79.0,0.0,159.0,159.0,159.0,0.0,159,79,119.0,40.0,1600.0,8,8,8,1,0.0,0.0,0.0,0.0,0,0.0,0.0,0.0,0.0,0.0,0.0,0.0,0.0,0.0,0,0,0,0,1,0,0,0,0,0,0,1.0,119.0,0,0,0.0,0.0,0.0,0.0,0.0,0.0,0.0,0.0,0.0,0.0,0.0,0.0,0.0,0.0,79.0,159.0,0,1,1,79,159
192.168.43.203,192.168.43.96,33247,53,17,2022-09-19 11:36:53,1735.2104187011719,91055.23935147018,1152.597966474306,576.298983237153,576.298983237153,1,1,79,79,79.0,79.0,79.0,0.0,79.0,79.0,79.0,0.0,79,79,79.0,0.0,0.0,8,8,8,1,0.0,0.0,0.0,0.0,0,0.0,0.0,0.0,0.0,0.0,0.0,0.0,0.0,0.0,0,0,0,0,1,0,0,0,0,0,0,1.0,79.0,0,0,0.0,0.0,0.0,0.0,0.0,0.0,0.0,0.0,0.0,0.0,0.0,0.0,0.0,0.0,79.0,79.0,0,1,1,79,79
192.168.43.203,192.168.43.96,38400,53,17,2022-09-19 11:36:52,214478.4927368164,1160.9555663259182,9.324944307838699,4.662472153919349,4.662472153919349,1,1,78,171,78.0,78.0,78.0,0.0,171.0,171.0,171.0,0.0,171,78,124.5,46.5,2162.25,8,8,8,1,0.0,0.0,0.0,0.0,0,0.0,0.0,0.0,0.0,0.0,0.0,0.0,0.0,0.0,0,0,0,0,1,0,0,0,0,0,0,1.0,124.5,0,0,0.0,0.0,0.0,0.0,0.0,0.0,0.0,0.0,0.0,0.0,0.0,0.0,0.0,0.0,78.0,171.0,0,1,1,78,171
35.244.180.134,192.168.43.203,443,59686,6,2022-09-19 11:36:04,90416766.64352417,86.63216227231695,0.5972343626586385,0.3428567637484776,0.2543775989101608,31,23,5149,2684,438.0,66.0,166.09677419354838,96.6775000806922,319.0,66.0,116.69565217391305,93.71531116265794,438,66,145.05555555555554,98.50407336316505,9703.052469135802,620,460,20,23,1705966.6930504565,30105008.363723755,-212.66937255859375,6178499.2132377755,90416478.63388062,30105136.63291931,0.0,3013882.621129354,7968741.099259235,90416553.73573303,30105064.392089844,19.550323486328125,4109843.3516242285,9061433.055115705,0,0,0,0,1,0,0,0,0,0,0,0.7419354838709677,145.05555555555554,464,501,30104281.663894653,45.7763671875,7461838.603019714,11211624.947330331,30104948.043823242,7735.967636108398,6019092.591603597,10436909.321244989,480.0,4.0,0.0,0.0,2013265920.0,0.0,166.09677419354838,116.69565217391305,0,31,23,5149,2684
192.168.43.203,75.2.88.188,33658,443,6,2022-09-19 11:36:45,7955726.146697998,598.5625840045356,1.5083475447405346,0.7541737723702673,0.7541737723702673,6,6,1649,3113,1186.0,66.0,274.8333333333333,408.74132678531817,1442.0,66.0,518.8333333333334,624.7891422089714,1442,66,396.8333333333333,541.8482003497127,293599.4722222223,120,120,20,3,723247.8315179999,7036800.861358643,24.080276489257812,2002663.5917036806,7955726.146697998,7036800.861358643,26.941299438476562,1591145.2293395996,2732637.173309731,7885676.383972168,7122200.489044189,1536.6077423095703,1577135.2767944336,2779621.1060290467,0,0,0,0,1,0,0,0,0,0,0,1.0,396.8333333333333,501,1390,7036773.920059204,83752.87055969238,1967994.9283599854,2931446.8025432057,7036717.653274536,10330.915451049805,1313722.4515279133,2565466.9798656637,0.0,0.0,0.0,0.0,0.0,0.0,274.8333333333333,518.8333333333334,0,6,6,1649,3113
192.168.43.203,192.168.43.96,36705,53,17,2022-09-19 11:36:53,55244.92263793945,2751.384068291083,36.20242195119846,18.10121097559923,18.10121097559923,1,1,76,76,76.0,76.0,76.0,0.0,76.0,76.0,76.0,0.0,76,76,76.0,0.0,0.0,8,8,8,1,0.0,0.0,0.0,0.0,0,0.0,0.0,0.0,0.0,0.0,0.0,0.0,0.0,0.0,0,0,0,0,1,0,0,0,0,0,0,1.0,76.0,0,0,0.0,0.0,0.0,0.0,0.0,0.0,0.0,0.0,0.0,0.0,0.0,0.0,0.0,0.0,76.0,76.0,0,1,1,76,76
192.168.43.203,192.168.43.96,43259,53,17,2022-09-19 11:36:58,1572.3705291748047,96669.32645943896,1271.9648218347234,635.9824109173617,635.9824109173617,1,1,76,76,76.0,76.0,76.0,0.0,76.0,76.0,76.0,0.0,76,76,76.0,0.0,0.0,8,8,8,1,0.0,0.0,0.0,0.0,0,0.0,0.0,0.0,0.0,0.0,0.0,0.0,0.0,0.0,0,0,0,0,1,0,0,0,0,0,0,1.0,76.0,0,0,0.0,0.0,0.0,0.0,0.0,0.0,0.0,0.0,0.0,0.0,0.0,0.0,0.0,0.0,76.0,76.0,0,1,1,76,76
192.168.43.203,192.168.43.96,36845,53,17,2022-09-19 11:36:58,1613.1401062011719,94226.16139521135,1239.8179130948863,619.9089565474432,619.9089565474432,1,1,76,76,76.0,76.0,76.0,0.0,76.0,76.0,76.0,0.0,76,76,76.0,0.0,0.0,8,8,8,1,0.0,0.0,0.0,0.0,0,0.0,0.0,0.0,0.0,0.0,0.0,0.0,0.0,0.0,0,0,0,0,1,0,0,0,0,0,0,1.0,76.0,0,0,0.0,0.0,0.0,0.0,0.0,0.0,0.0,0.0,0.0,0.0,0.0,0.0,0.0,0.0,76.0,76.0,0,1,1,76,76
34.237.73.95,192.168.43.203,443,39456,6,2022-09-19 11:36:58,263446.8078613281,3328.945251299576,15.183330678675373,7.591665339337687,7.591665339337687,2,2,457,420,391.0,66.0,228.5,162.5,354.0,66.0,210.0,144.0,391,66,219.25,153.80730639342204,23656.6875,40,40,20,1,87815.6026204427,263368.6065673828,0.476837158203125,124134.72355440939,0,0.0,0.0,0.0,0.0,0.0,0.0,0.0,0.0,0.0,0,0,0,0,1,0,0,0,0,0,0,1.0,219.25,207,499,0.0,0.0,0.0,0.0,0.0,0.0,0.0,0.0,0.0,0.0,0.0,0.0,0.0,0.0,228.5,210.0,0,2,2,457,420
192.168.43.203,192.168.43.96,49599,53,17,2022-09-19 11:37:06,1627.206802368164,95869.80571428571,1229.1000732600733,614.5500366300366,614.5500366300366,1,1,78,78,78.0,78.0,78.0,0.0,78.0,78.0,78.0,0.0,78,78,78.0,0.0,0.0,8,8,8,1,0.0,0.0,0.0,0.0,0,0.0,0.0,0.0,0.0,0.0,0.0,0.0,0.0,0.0,0,0,0,0,1,0,0,0,0,0,0,1.0,78.0,0,0,0.0,0.0,0.0,0.0,0.0,0.0,0.0,0.0,0.0,0.0,0.0,0.0,0.0,0.0,78.0,78.0,0,1,1,78,78
192.168.43.203,192.168.43.96,54359,53,17,2022-09-19 11:37:06,1366.3768768310547,114170.55034025476,1463.7250043622405,731.8625021811202,731.8625021811202,1,1,78,78,78.0,78.0,78.0,0.0,78.0,78.0,78.0,0.0,78,78,78.0,0.0,0.0,8,8,8,1,0.0,0.0,0.0,0.0,0,0.0,0.0,0.0,0.0,0.0,0.0,0.0,0.0,0.0,0,0,0,0,1,0,0,0,0,0,0,1.0,78.0,0,0,0.0,0.0,0.0,0.0,0.0,0.0,0.0,0.0,0.0,0.0,0.0,0.0,0.0,0.0,78.0,78.0,0,1,1,78,78
192.168.43.203,192.168.43.96,40520,53,17,2022-09-19 11:37:08,1562.356948852539,97288.90706546619,1280.1171982298183,640.0585991149092,640.0585991149092,1,1,76,76,76.0,76.0,76.0,0.0,76.0,76.0,76.0,0.0,76,76,76.0,0.0,0.0,8,8,8,1,0.0,0.0,0.0,0.0,0,0.0,0.0,0.0,0.0,0.0,0.0,0.0,0.0,0.0,0,0,0,0,1,0,0,0,0,0,0,1.0,76.0,0,0,0.0,0.0,0.0,0.0,0.0,0.0,0.0,0.0,0.0,0.0,0.0,0.0,0.0,0.0,76.0,76.0,0,1,1,76,76
192.168.43.203,192.168.43.96,39114,53,17,2022-09-19 11:37:08,1132.4882507324219,134217.728,1766.0227368421054,883.0113684210527,883.0113684210527,1,1,76,76,76.0,76.0,76.0,0.0,76.0,76.0,76.0,0.0,76,76,76.0,0.0,0.0,8,8,8,1,0.0,0.0,0.0,0.0,0,0.0,0.0,0.0,0.0,0.0,0.0,0.0,0.0,0.0,0,0,0,0,1,0,0,0,0,0,0,1.0,76.0,0,0,0.0,0.0,0.0,0.0,0.0,0.0,0.0,0.0,0.0,0.0,0.0,0.0,0.0,0.0,76.0,76.0,0,1,1,76,76
172.217.19.16,192.168.43.203,443,41798,17,2022-09-19 11:36:27,92315992.1169281,12334.937575687853,11.276486079264163,8.980025897896246,2.296460181367918,829,212,1119041,19671,1399.0,71.0,1349.8685162846803,217.70477422250127,620.0,71.0,92.7877358490566,95.7157113370653,1399,71,1093.8635926993277,543.9571455599498,295889.37620572845,6632,1696,8,829,88765.37703550779,12784053.087234497,0.0,1028364.7089277946,92315686.94114685,13052304.029464722,0.0,111492.37553278606,1161364.491762485,92315834.28382874,12784053.087234497,183.34388732910156,437515.80229302717,2249484.753867906,0,0,0,0,1,0,0,0,0,0,0,0.255729794933655,1093.8635926993277,0,0,12783869.743347168,141.38221740722656,1681842.6803306297,4198804.161556161,12783616.304397583,5195.140838623047,1593445.246679741,4110406.169614786,12296.894736842105,9.350877192982455,0.0,0.0,5161177.536743239,0.0,1349.8685162846803,92.7877358490566,0,829,212,1119041,19671
192.168.43.203,192.168.43.96,42736,53,17,2022-09-19 11:37:19,1421.6899871826172,109728.56347476103,1406.7764548046287,703.3882274023143,703.3882274023143,1,1,78,78,78.0,78.0,78.0,0.0,78.0,78.0,78.0,0.0,78,78,78.0,0.0,0.0,8,8,8,1,0.0,0.0,0.0,0.0,0,0.0,0.0,0.0,0.0,0.0,0.0,0.0,0.0,0.0,0,0,0,0,1,0,0,0,0,0,0,1.0,78.0,0,0,0.0,0.0,0.0,0.0,0.0,0.0,0.0,0.0,0.0,0.0,0.0,0.0,0.0,0.0,78.0,78.0,0,1,1,78,78
192.168.43.203,192.168.43.96,51525,53,17,2022-09-19 11:37:19,1307.2490692138672,119334.56574867773,1529.930330111253,764.9651650556265,764.9651650556265,1,1,78,78,78.0,78.0,78.0,0.0,78.0,78.0,78.0,0.0,78,78,78.0,0.0,0.0,8,8,8,1,0.0,0.0,0.0,0.0,0,0.0,0.0,0.0,0.0,0.0,0.0,0.0,0.0,0.0,0,0,0,0,1,0,0,0,0,0,0,1.0,78.0,0,0,0.0,0.0,0.0,0.0,0.0,0.0,0.0,0.0,0.0,0.0,0.0,0.0,0.0,0.0,78.0,78.0,0,1,1,78,78
192.168.43.203,192.168.43.96,59535,53,17,2022-09-19 11:37:20,39337.873458862305,5668.837189005728,50.84158913906482,25.42079456953241,25.42079456953241,1,1,72,151,72.0,72.0,72.0,0.0,151.0,151.0,151.0,0.0,151,72,111.5,39.5,1560.25,8,8,8,1,0.0,0.0,0.0,0.0,0,0.0,0.0,0.0,0.0,0.0,0.0,0.0,0.0,0.0,0,0,0,0,1,0,0,0,0,0,0,1.0,111.5,0,0,0.0,0.0,0.0,0.0,0.0,0.0,0.0,0.0,0.0,0.0,0.0,0.0,0.0,0.0,72.0,151.0,0,1,1,72,151
192.168.43.203,192.168.43.96,34251,53,17,2022-09-19 11:37:20,121247.52998352051,2383.553710655217,16.495181388617418,8.247590694308709,8.247590694308709,1,1,109,180,109.0,109.0,109.0,0.0,180.0,180.0,180.0,0.0,180,109,144.5,35.5,1260.25,8,8,8,1,0.0,0.0,0.0,0.0,0,0.0,0.0,0.0,0.0,0.0,0.0,0.0,0.0,0.0,0,0,0,0,1,0,0,0,0,0,0,1.0,144.5,0,0,0.0,0.0,0.0,0.0,0.0,0.0,0.0,0.0,0.0,0.0,0.0,0.0,0.0,0.0,109.0,180.0,0,1,1,109,180
192.168.43.203,192.168.43.96,59776,53,17,2022-09-19 11:37:23,2123.8327026367188,71568.72563987428,941.6937584193983,470.8468792096991,470.8468792096991,1,1,76,76,76.0,76.0,76.0,0.0,76.0,76.0,76.0,0.0,76,76,76.0,0.0,0.0,8,8,8,1,0.0,0.0,0.0,0.0,0,0.0,0.0,0.0,0.0,0.0,0.0,0.0,0.0,0.0,0,0,0,0,1,0,0,0,0,0,0,1.0,76.0,0,0,0.0,0.0,0.0,0.0,0.0,0.0,0.0,0.0,0.0,0.0,0.0,0.0,0.0,0.0,76.0,76.0,0,1,1,76,76
192.168.43.203,192.168.43.96,49722,53,17,2022-09-19 11:37:23,1591.2055969238281,95525.05364099491,1256.9086005394067,628.4543002697034,628.4543002697034,1,1,76,76,76.0,76.0,76.0,0.0,76.0,76.0,76.0,0.0,76,76,76.0,0.0,0.0,8,8,8,1,0.0,0.0,0.0,0.0,0,0.0,0.0,0.0,0.0,0.0,0.0,0.0,0.0,0.0,0,0,0,0,1,0,0,0,0,0,0,1.0,76.0,0,0,0.0,0.0,0.0,0.0,0.0,0.0,0.0,0.0,0.0,0.0,0.0,0.0,0.0,0.0,76.0,76.0,0,1,1,76,76
192.168.43.203,35.186.228.49,55854,443,6,2022-09-19 11:36:32,96264856.1000824,5857.184260617384,11.821551977565631,5.703015848579553,6.1185361289860785,549,589,418839,145002,1442.0,66.0,762.9125683060109,646.3583905547916,2818.0,66.0,246.18336162988115,440.5548172743932,2818,66,495.46660808435854,607.1839600673026,368672.36136301165,10980,11780,20,391,84656.30628607623,10229357.00416565,-271.08192443847656,708251.5015168902,96264856.1000824,10229357.00416565,1.9073486328125,175665.79580307007,1022055.0960079229,96196188.21144104,10619642.496109009,0.0,163598.95954326706,1001196.050636692,0,0,0,0,1,0,0,0,0,0,0,1.0728597449908925,495.46660808435854,2933,1050,10229341.506958008,12.159347534179688,723937.098796551,1980903.5105772489,9927330.493927002,5120.038986206055,627565.6954447428,1832012.9701083656,18072.904761904763,17.19047619047619,2779.6857142857143,8.028571428571428,141714.49107952818,44184.7547039058,762.9125683060109,246.18336162988115,0,549,589,418839,145002
192.168.43.203,34.117.46.154,52815,443,17,2022-09-19 11:36:39,90227365.25535583,270.7382614006893,1.019646309516269,0.5541556029979722,0.46549070651829666,50,42,20712,3716,1399.0,73.0,414.24,543.7269741331581,131.0,70.0,88.47619047619048,26.938411321663853,1399,70,265.5217391304348,432.8216441149481,187334.5756143668,400,336,8,50,991509.5083006136,12429016.35169983,0.0,2987074.7146228366,90210774.4216919,12560236.930847168,48.160552978515625,1841036.2126875897,3948350.5912538334,90148752.92778015,12525902.271270752,0.0,2198750.071409272,4183427.924877681,0,0,0,0,1,0,0,0,0,0,0,0.84,265.5217391304348,0,0,12428938.865661621,59.604644775390625,2921822.5797017417,4632097.792411372,12297795.77255249,18505.81169128418,1906746.304553488,3922082.119488302,0.0,0.0,0.0,0.0,0.0,0.0,414.24,88.47619047619048,0,50,42,20712,3716
192.168.43.203,192.168.43.96,41954,53,17,2022-09-19 11:37:32,1372.8141784667969,113635.18999652658,1456.861410211879,728.4307051059395,728.4307051059395,1,1,78,78,78.0,78.0,78.0,0.0,78.0,78.0,78.0,0.0,78,78,78.0,0.0,0.0,8,8,8,1,0.0,0.0,0.0,0.0,0,0.0,0.0,0.0,0.0,0.0,0.0,0.0,0.0,0.0,0,0,0,0,1,0,0,0,0,0,0,1.0,78.0,0,0,0.0,0.0,0.0,0.0,0.0,0.0,0.0,0.0,0.0,0.0,0.0,0.0,0.0,0.0,78.0,78.0,0,1,1,78,78
192.168.43.203,192.168.43.96,57281,53,17,2022-09-19 11:37:32,1244.5449829101562,125347.01609195402,1607.0130268199234,803.5065134099617,803.5065134099617,1,1,78,78,78.0,78.0,78.0,0.0,78.0,78.0,78.0,0.0,78,78,78.0,0.0,0.0,8,8,8,1,0.0,0.0,0.0,0.0,0,0.0,0.0,0.0,0.0,0.0,0.0,0.0,0.0,0.0,0,0,0,0,1,0,0,0,0,0,0,1.0,78.0,0,0,0.0,0.0,0.0,0.0,0.0,0.0,0.0,0.0,0.0,0.0,0.0,0.0,0.0,0.0,78.0,78.0,0,1,1,78,78
192.168.43.203,35.186.194.58,38120,443,17,2022-09-19 11:36:43,90653631.6871643,4594.520839907773,5.107351921628049,3.9160041731705344,1.1913477484575146,355,108,407725,8785,1399.0,74.0,1148.5211267605634,487.4466921855907,145.0,70.0,81.3425925925926,24.606594282170633,1399,70,899.5896328293736,621.2962900089739,386009.07997891493,2840,864,8,355,196219.98200684914,14497544.527053833,0.0,1171901.63338565,90635796.54693604,14564206.600189209,24.7955322265625,256033.32357891536,1346931.9501381828,90529452.085495,14624695.777893066,0.0,846069.6456588317,2360070.3265154315,0,0,0,0,1,0,0,0,0,0,0,0.30422535211267604,899.5896328293736,0,0,14497505.66482544,16.927719116210938,989733.4709596098,2518879.307706376,14430882.453918457,5290.26985168457,728132.7405251748,2180173.124033818,9471.75,7.444444444444445,160.33333333333334,4.0,568047.0904614285,691.0717334613083,1148.5211267605634,81.3425925925926,0,355,108,407725,8785
192.168.43.203,192.168.43.96,40432,53,17,2022-09-19 11:37:33,2394.1993713378906,63486.77633937463,835.3523202549293,417.67616012746464,417.67616012746464,1,1,76,76,76.0,76.0,76.0,0.0,76.0,76.0,76.0,0.0,76,76,76.0,0.0,0.0,8,8,8,1,0.0,0.0,0.0,0.0,0,0.0,0.0,0.0,0.0,0.0,0.0,0.0,0.0,0.0,0,0,0,0,1,0,0,0,0,0,0,1.0,76.0,0,0,0.0,0.0,0.0,0.0,0.0,0.0,0.0,0.0,0.0,0.0,0.0,0.0,0.0,0.0,76.0,76.0,0,1,1,76,76
192.168.43.203,192.168.43.96,48537,53,17,2022-09-19 11:37:33,1502.5138854980469,101163.79054268486,1331.1025071405902,665.5512535702951,665.5512535702951,1,1,76,76,76.0,76.0,76.0,0.0,76.0,76.0,76.0,0.0,76,76,76.0,0.0,0.0,8,8,8,1,0.0,0.0,0.0,0.0,0,0.0,0.0,0.0,0.0,0.0,0.0,0.0,0.0,0.0,0,0,0,0,1,0,0,0,0,0,0,1.0,76.0,0,0,0.0,0.0,0.0,0.0,0.0,0.0,0.0,0.0,0.0,0.0,0.0,0.0,0.0,0.0,76.0,76.0,0,1,1,76,76
35.186.228.49,192.168.43.203,443,55868,6,2022-09-19 11:36:39,96401417.25540161,201.67753289862154,1.8464458829315211,1.0788223136229111,0.7676235693086099,104,74,10346,9096,264.0,66.0,99.48076923076923,43.43031127990936,282.0,66.0,122.91891891891892,34.78690214712178,282,66,109.2247191011236,41.69613266063988,1738.56747885368,2080,1480,20,43,544637.7932015111,13838131.90460205,-186.2049102783203,2130478.5004600175,96401417.25540161,13939177.513122559,0.0,935936.089858268,2755439.0285236584,96339971.30393982,13934458.255767822,16.689300537109375,1319725.6343005456,3198862.784601066,0,0,0,0,1,0,0,0,0,0,0,0.7115384615384616,109.2247191011236,282,501,13836214.542388916,677.3471832275391,2420734.949601002,4005349.3432189887,13741805.55343628,6349.086761474609,1749420.4927373815,3529822.7351215226,377.1666666666667,4.833333333333333,456.0,6.333333333333333,499563681.68421054,33035.42803844858,99.48076923076923,122.91891891891892,0,104,74,10346,9096
192.168.43.203,192.168.43.96,54050,53,17,2022-09-19 11:37:34,169354.43878173828,1263.6220316362674,11.809551697535209,5.9047758487676045,5.9047758487676045,1,1,99,115,99.0,99.0,99.0,0.0,115.0,115.0,115.0,0.0,115,99,107.0,8.0,64.0,8,8,8,1,0.0,0.0,0.0,0.0,0,0.0,0.0,0.0,0.0,0.0,0.0,0.0,0.0,0.0,0,0,0,0,1,0,0,0,0,0,0,1.0,107.0,0,0,0.0,0.0,0.0,0.0,0.0,0.0,0.0,0.0,0.0,0.0,0.0,0.0,0.0,0.0,99.0,115.0,0,1,1,99,115
192.168.43.203,192.168.43.96,46419,53,17,2022-09-19 11:37:34,2188.2057189941406,90485.09392024406,913.990847679233,456.9954238396165,456.9954238396165,1,1,99,99,99.0,99.0,99.0,0.0,99.0,99.0,99.0,0.0,99,99,99.0,0.0,0.0,8,8,8,1,0.0,0.0,0.0,0.0,0,0.0,0.0,0.0,0.0,0.0,0.0,0.0,0.0,0.0,0,0,0,0,1,0,0,0,0,0,0,1.0,99.0,0,0,0.0,0.0,0.0,0.0,0.0,0.0,0.0,0.0,0.0,0.0,0.0,0.0,0.0,0.0,99.0,99.0,0,1,1,99,99
192.168.43.203,34.107.204.85,57170,443,6,2022-09-19 11:37:34,70202.35061645508,4871.631747325522,56.978149091526575,28.489074545763287,28.489074545763287,2,2,171,171,105.0,66.0,85.5,19.5,105.0,66.0,85.5,19.5,105,66,85.5,19.5,380.25,40,40,20,1,23400.78353881836,70117.47360229492,14.543533325195312,33033.69619035244,0,0.0,0.0,0.0,0.0,0.0,0.0,0.0,0.0,0.0,0,0,0,0,1,0,0,0,0,0,0,1.0,85.5,501,312,0.0,0.0,0.0,0.0,0.0,0.0,0.0,0.0,0.0,0.0,0.0,0.0,0.0,0.0,85.5,85.5,0,2,2,171,171
192.168.43.203,192.168.43.96,54965,53,17,2022-09-19 11:37:38,2605.438232421875,58339.51390922401,767.6251830161054,383.8125915080527,383.8125915080527,1,1,76,76,76.0,76.0,76.0,0.0,76.0,76.0,76.0,0.0,76,76,76.0,0.0,0.0,8,8,8,1,0.0,0.0,0.0,0.0,0,0.0,0.0,0.0,0.0,0.0,0.0,0.0,0.0,0.0,0,0,0,0,1,0,0,0,0,0,0,1.0,76.0,0,0,0.0,0.0,0.0,0.0,0.0,0.0,0.0,0.0,0.0,0.0,0.0,0.0,0.0,0.0,76.0,76.0,0,1,1,76,76
192.168.43.203,192.168.43.96,58270,53,17,2022-09-19 11:37:38,79697.3705291748,2107.9741889163115,25.09493082043228,12.54746541021614,12.54746541021614,1,1,76,92,76.0,76.0,76.0,0.0,92.0,92.0,92.0,0.0,92,76,84.0,8.0,64.0,8,8,8,1,0.0,0.0,0.0,0.0,0,0.0,0.0,0.0,0.0,0.0,0.0,0.0,0.0,0.0,0,0,0,0,1,0,0,0,0,0,0,1.0,84.0,0,0,0.0,0.0,0.0,0.0,0.0,0.0,0.0,0.0,0.0,0.0,0.0,0.0,0.0,0.0,76.0,92.0,0,1,1,76,92
192.168.43.203,192.168.43.96,34018,53,17,2022-09-19 11:37:38,3031.9690704345703,50132.437524573405,659.6373358496501,329.81866792482504,329.81866792482504,1,1,76,76,76.0,76.0,76.0,0.0,76.0,76.0,76.0,0.0,76,76,76.0,0.0,0.0,8,8,8,1,0.0,0.0,0.0,0.0,0,0.0,0.0,0.0,0.0,0.0,0.0,0.0,0.0,0.0,0,0,0,0,1,0,0,0,0,0,0,1.0,76.0,0,0,0.0,0.0,0.0,0.0,0.0,0.0,0.0,0.0,0.0,0.0,0.0,0.0,0.0,0.0,76.0,76.0,0,1,1,76,76
192.168.43.203,192.168.43.96,55777,53,17,2022-09-19 11:37:43,2498.626708984375,60833.41679389313,800.4396946564885,400.21984732824427,400.21984732824427,1,1,76,76,76.0,76.0,76.0,0.0,76.0,76.0,76.0,0.0,76,76,76.0,0.0,0.0,8,8,8,1,0.0,0.0,0.0,0.0,0,0.0,0.0,0.0,0.0,0.0,0.0,0.0,0.0,0.0,0,0,0,0,1,0,0,0,0,0,0,1.0,76.0,0,0,0.0,0.0,0.0,0.0,0.0,0.0,0.0,0.0,0.0,0.0,0.0,0.0,0.0,0.0,76.0,76.0,0,1,1,76,76
192.168.43.203,192.168.43.96,39476,53,17,2022-09-19 11:37:43,1469.3737030029297,103445.43371734546,1361.1241278598086,680.5620639299043,680.5620639299043,1,1,76,76,76.0,76.0,76.0,0.0,76.0,76.0,76.0,0.0,76,76,76.0,0.0,0.0,8,8,8,1,0.0,0.0,0.0,0.0,0,0.0,0.0,0.0,0.0,0.0,0.0,0.0,0.0,0.0,0,0,0,0,1,0,0,0,0,0,0,1.0,76.0,0,0,0.0,0.0,0.0,0.0,0.0,0.0,0.0,0.0,0.0,0.0,0.0,0.0,0.0,0.0,76.0,76.0,0,1,1,76,76
192.168.43.203,192.168.43.96,51588,53,17,2022-09-19 11:37:44,28158.903121948242,9801.518148797277,71.02549383186432,35.51274691593216,35.51274691593216,1,1,74,202,74.0,74.0,74.0,0.0,202.0,202.0,202.0,0.0,202,74,138.0,64.0,4096.0,8,8,8,1,0.0,0.0,0.0,0.0,0,0.0,0.0,0.0,0.0,0.0,0.0,0.0,0.0,0.0,0,0,0,0,1,0,0,0,0,0,0,1.0,138.0,0,0,0.0,0.0,0.0,0.0,0.0,0.0,0.0,0.0,0.0,0.0,0.0,0.0,0.0,0.0,74.0,202.0,0,1,1,74,202
192.168.43.203,192.168.43.96,46153,53,17,2022-09-19 11:37:45,18696.54655456543,12408.708705798339,106.97162677412362,53.48581338706181,53.48581338706181,1,1,74,158,74.0,74.0,74.0,0.0,158.0,158.0,158.0,0.0,158,74,116.0,42.0,1764.0,8,8,8,1,0.0,0.0,0.0,0.0,0,0.0,0.0,0.0,0.0,0.0,0.0,0.0,0.0,0.0,0,0,0,0,1,0,0,0,0,0,0,1.0,116.0,0,0,0.0,0.0,0.0,0.0,0.0,0.0,0.0,0.0,0.0,0.0,0.0,0.0,0.0,0.0,74.0,158.0,0,1,1,74,158
192.168.43.203,192.168.43.96,43137,53,17,2022-09-19 11:37:45,1744.5087432861328,89423.45551455514,1146.454557878912,573.227278939456,573.227278939456,1,1,78,78,78.0,78.0,78.0,0.0,78.0,78.0,78.0,0.0,78,78,78.0,0.0,0.0,8,8,8,1,0.0,0.0,0.0,0.0,0,0.0,0.0,0.0,0.0,0.0,0.0,0.0,0.0,0.0,0,0,0,0,1,0,0,0,0,0,0,1.0,78.0,0,0,0.0,0.0,0.0,0.0,0.0,0.0,0.0,0.0,0.0,0.0,0.0,0.0,0.0,0.0,78.0,78.0,0,1,1,78,78
192.168.43.203,192.168.43.96,44119,53,17,2022-09-19 11:37:45,4304.409027099609,36241.908939847126,464.6398582031683,232.31992910158414,232.31992910158414,1,1,78,78,78.0,78.0,78.0,0.0,78.0,78.0,78.0,0.0,78,78,78.0,0.0,0.0,8,8,8,1,0.0,0.0,0.0,0.0,0,0.0,0.0,0.0,0.0,0.0,0.0,0.0,0.0,0.0,0,0,0,0,1,0,0,0,0,0,0,1.0,78.0,0,0,0.0,0.0,0.0,0.0,0.0,0.0,0.0,0.0,0.0,0.0,0.0,0.0,0.0,0.0,78.0,78.0,0,1,1,78,78
192.168.43.203,192.168.43.96,48528,53,17,2022-09-19 11:37:48,2568.2449340820312,59184.38618640921,778.7419235053843,389.37096175269215,389.37096175269215,1,1,76,76,76.0,76.0,76.0,0.0,76.0,76.0,76.0,0.0,76,76,76.0,0.0,0.0,8,8,8,1,0.0,0.0,0.0,0.0,0,0.0,0.0,0.0,0.0,0.0,0.0,0.0,0.0,0.0,0,0,0,0,1,0,0,0,0,0,0,1.0,76.0,0,0,0.0,0.0,0.0,0.0,0.0,0.0,0.0,0.0,0.0,0.0,0.0,0.0,0.0,0.0,76.0,76.0,0,1,1,76,76
192.168.43.203,192.168.43.96,49112,53,17,2022-09-19 11:37:48,2111.196517944336,71997.08729531338,947.3300959909656,473.6650479954828,473.6650479954828,1,1,76,76,76.0,76.0,76.0,0.0,76.0,76.0,76.0,0.0,76,76,76.0,0.0,0.0,8,8,8,1,0.0,0.0,0.0,0.0,0,0.0,0.0,0.0,0.0,0.0,0.0,0.0,0.0,0.0,0,0,0,0,1,0,0,0,0,0,0,1.0,76.0,0,0,0.0,0.0,0.0,0.0,0.0,0.0,0.0,0.0,0.0,0.0,0.0,0.0,0.0,0.0,76.0,76.0,0,1,1,76,76
192.168.43.203,192.168.43.96,54227,53,17,2022-09-19 11:37:53,2726.0780334472656,55757.75826482421,733.6547140108448,366.8273570054224,366.8273570054224,1,1,76,76,76.0,76.0,76.0,0.0,76.0,76.0,76.0,0.0,76,76,76.0,0.0,0.0,8,8,8,1,0.0,0.0,0.0,0.0,0,0.0,0.0,0.0,0.0,0.0,0.0,0.0,0.0,0.0,0,0,0,0,1,0,0,0,0,0,0,1.0,76.0,0,0,0.0,0.0,0.0,0.0,0.0,0.0,0.0,0.0,0.0,0.0,0.0,0.0,0.0,0.0,76.0,76.0,0,1,1,76,76
192.168.43.203,192.168.43.96,58442,53,17,2022-09-19 11:37:53,1755.9528350830078,86562.6894772573,1138.9827562797013,569.4913781398507,569.4913781398507,1,1,76,76,76.0,76.0,76.0,0.0,76.0,76.0,76.0,0.0,76,76,76.0,0.0,0.0,8,8,8,1,0.0,0.0,0.0,0.0,0,0.0,0.0,0.0,0.0,0.0,0.0,0.0,0.0,0.0,0,0,0,0,1,0,0,0,0,0,0,1.0,76.0,0,0,0.0,0.0,0.0,0.0,0.0,0.0,0.0,0.0,0.0,0.0,0.0,0.0,0.0,0.0,76.0,76.0,0,1,1,76,76
192.168.43.203,192.168.43.96,43601,53,17,2022-09-19 11:37:55,185681.34307861328,1276.380254852312,10.771141391158752,5.385570695579376,5.385570695579376,1,1,72,165,72.0,72.0,72.0,0.0,165.0,165.0,165.0,0.0,165,72,118.5,46.5,2162.25,8,8,8,1,0.0,0.0,0.0,0.0,0,0.0,0.0,0.0,0.0,0.0,0.0,0.0,0.0,0.0,0,0,0,0,1,0,0,0,0,0,0,1.0,118.5,0,0,0.0,0.0,0.0,0.0,0.0,0.0,0.0,0.0,0.0,0.0,0.0,0.0,0.0,0.0,72.0,165.0,0,1,1,72,165
192.168.43.203,192.168.43.96,60109,53,17,2022-09-19 11:37:57,3054.1419982910156,51078.17517564403,654.848399687744,327.424199843872,327.424199843872,1,1,78,78,78.0,78.0,78.0,0.0,78.0,78.0,78.0,0.0,78,78,78.0,0.0,0.0,8,8,8,1,0.0,0.0,0.0,0.0,0,0.0,0.0,0.0,0.0,0.0,0.0,0.0,0.0,0.0,0,0,0,0,1,0,0,0,0,0,0,1.0,78.0,0,0,0.0,0.0,0.0,0.0,0.0,0.0,0.0,0.0,0.0,0.0,0.0,0.0,0.0,0.0,78.0,78.0,0,1,1,78,78
192.168.43.203,192.168.43.96,52705,53,17,2022-09-19 11:37:57,39909.60121154785,4610.4194082189815,50.113254437162844,25.056627218581422,25.056627218581422,1,1,84,100,84.0,84.0,84.0,0.0,100.0,100.0,100.0,0.0,100,84,92.0,8.0,64.0,8,8,8,1,0.0,0.0,0.0,0.0,0,0.0,0.0,0.0,0.0,0.0,0.0,0.0,0.0,0.0,0,0,0,0,1,0,0,0,0,0,0,1.0,92.0,0,0,0.0,0.0,0.0,0.0,0.0,0.0,0.0,0.0,0.0,0.0,0.0,0.0,0.0,0.0,84.0,100.0,0,1,1,84,100
192.168.43.203,192.168.43.96,54871,53,17,2022-09-19 11:37:57,40105.81970214844,4887.071289294717,49.86807438055833,24.934037190279167,24.934037190279167,1,1,84,112,84.0,84.0,84.0,0.0,112.0,112.0,112.0,0.0,112,84,98.0,14.0,196.0,8,8,8,1,0.0,0.0,0.0,0.0,0,0.0,0.0,0.0,0.0,0.0,0.0,0.0,0.0,0.0,0,0,0,0,1,0,0,0,0,0,0,1.0,98.0,0,0,0.0,0.0,0.0,0.0,0.0,0.0,0.0,0.0,0.0,0.0,0.0,0.0,0.0,0.0,84.0,112.0,0,1,1,84,112
192.168.43.203,192.168.43.96,40039,53,17,2022-09-19 11:37:57,36518.81217956543,6900.553028967624,54.76629388069543,27.383146940347714,27.383146940347714,1,1,83,169,83.0,83.0,83.0,0.0,169.0,169.0,169.0,0.0,169,83,126.0,43.0,1849.0,8,8,8,1,0.0,0.0,0.0,0.0,0,0.0,0.0,0.0,0.0,0.0,0.0,0.0,0.0,0.0,0,0,0,0,1,0,0,0,0,0,0,1.0,126.0,0,0,0.0,0.0,0.0,0.0,0.0,0.0,0.0,0.0,0.0,0.0,0.0,0.0,0.0,0.0,83.0,169.0,0,1,1,83,169
192.168.43.203,192.168.43.96,60919,53,17,2022-09-19 11:37:57,32546.7586517334,8541.557178542389,61.45005164418985,30.725025822094924,30.725025822094924,1,1,83,195,83.0,83.0,83.0,0.0,195.0,195.0,195.0,0.0,195,83,139.0,56.0,3136.0,8,8,8,1,0.0,0.0,0.0,0.0,0,0.0,0.0,0.0,0.0,0.0,0.0,0.0,0.0,0.0,0,0,0,0,1,0,0,0,0,0,0,1.0,139.0,0,0,0.0,0.0,0.0,0.0,0.0,0.0,0.0,0.0,0.0,0.0,0.0,0.0,0.0,0.0,83.0,195.0,0,1,1,83,195
192.168.43.203,192.168.43.96,46602,53,17,2022-09-19 11:37:57,42176.48506164551,5642.954827841561,47.419788469256815,23.709894234628408,23.709894234628408,1,1,79,159,79.0,79.0,79.0,0.0,159.0,159.0,159.0,0.0,159,79,119.0,40.0,1600.0,8,8,8,1,0.0,0.0,0.0,0.0,0,0.0,0.0,0.0,0.0,0.0,0.0,0.0,0.0,0.0,0,0,0,0,1,0,0,0,0,0,0,1.0,119.0,0,0,0.0,0.0,0.0,0.0,0.0,0.0,0.0,0.0,0.0,0.0,0.0,0.0,0.0,0.0,79.0,159.0,0,1,1,79,159
192.168.43.203,192.168.43.96,36105,53,17,2022-09-19 11:37:57,2233.5052490234375,69845.36976942784,895.4534585824082,447.7267292912041,447.7267292912041,1,1,78,78,78.0,78.0,78.0,0.0,78.0,78.0,78.0,0.0,78,78,78.0,0.0,0.0,8,8,8,1,0.0,0.0,0.0,0.0,0,0.0,0.0,0.0,0.0,0.0,0.0,0.0,0.0,0.0,0,0,0,0,1,0,0,0,0,0,0,1.0,78.0,0,0,0.0,0.0,0.0,0.0,0.0,0.0,0.0,0.0,0.0,0.0,0.0,0.0,0.0,0.0,78.0,78.0,0,1,1,78,78
192.168.43.203,192.168.43.96,60064,53,17,2022-09-19 11:37:57,1869.9169158935547,83426.16651791407,1069.5662374091546,534.7831187045773,534.7831187045773,1,1,78,78,78.0,78.0,78.0,0.0,78.0,78.0,78.0,0.0,78,78,78.0,0.0,0.0,8,8,8,1,0.0,0.0,0.0,0.0,0,0.0,0.0,0.0,0.0,0.0,0.0,0.0,0.0,0.0,0,0,0,0,1,0,0,0,0,0,0,1.0,78.0,0,0,0.0,0.0,0.0,0.0,0.0,0.0,0.0,0.0,0.0,0.0,0.0,0.0,0.0,0.0,78.0,78.0,0,1,1,78,78
192.168.43.203,173.194.76.155,60543,443,17,2022-09-19 11:37:57,531138.8969421387,9570.00142385304,24.47570696637606,7.530986758884942,16.94472020749112,4,9,2091,2992,1399.0,78.0,522.75,520.0025841281945,1399.0,70.0,332.44444444444446,426.66982059019494,1399,70,391.0,465.7769357172528,216948.15384615384,32,72,8,4,44261.57474517822,185632.70568847656,0.0,72771.72113923183,345506.1912536621,185182.3329925537,294.9237823486328,115168.73041788737,81874.56647173892,348934.4120025635,186732.05375671387,0.0,43616.801500320435,69983.00176119925,0,0,0,0,1,0,0,0,0,0,0,2.25,391.0,0,0,181909.56115722656,136641.0255432129,159275.29335021973,22634.267807006836,184533.35762023926,20132.780075073242,126045.823097229,66836.4190468643,0.0,0.0,614.0,6.0,0.0,4433.152739022135,522.75,332.44444444444446,0,4,9,2091,2992
192.168.43.203,142.250.181.14,41182,443,6,2022-09-19 11:37:57,317353.0101776123,9324.001679845238,53.568106981199406,28.359586048870273,25.208520932329133,9,8,1562,1397,735.0,66.0,173.55555555555554,206.15641909919387,834.0,66.0,174.625,250.0744576621131,834,66,174.05882352941177,227.88115338747113,51929.82006920415,180,160,20,4,19834.29491519928,105813.02642822266,-4.291534423828125,34580.228616358494,250055.31311035156,185936.21253967285,13.589859008789062,31256.914138793945,61321.24778920253,259839.53475952148,105813.02642822266,0.0,37119.933537074496,43847.2287155454,0,0,0,0,1,0,0,0,0,0,0,0.8888888888888888,174.05882352941177,64240,267,104088.78326416016,57121.51527404785,80303.74844868977,19179.04399733202,105617.28477478027,57513.47541809082,77042.63925552368,18278.297744226948,0.0,0.0,0.0,0.0,0.0,0.0,173.55555555555554,174.625,0,9,8,1562,1397
192.168.43.203,192.168.43.96,46505,53,17,2022-09-19 11:37:58,2014.16015625,78444.60606060606,992.969696969697,496.4848484848485,496.4848484848485,1,1,79,79,79.0,79.0,79.0,0.0,79.0,79.0,79.0,0.0,79,79,79.0,0.0,0.0,8,8,8,1,0.0,0.0,0.0,0.0,0,0.0,0.0,0.0,0.0,0.0,0.0,0.0,0.0,0.0,0,0,0,0,1,0,0,0,0,0,0,1.0,79.0,0,0,0.0,0.0,0.0,0.0,0.0,0.0,0.0,0.0,0.0,0.0,0.0,0.0,0.0,0.0,79.0,79.0,0,1,1,79,79
192.168.43.203,192.168.43.96,43041,53,17,2022-09-19 11:37:58,66103.93524169922,2480.941556661617,30.255384837336795,15.127692418668397,15.127692418668397,1,1,74,90,74.0,74.0,74.0,0.0,90.0,90.0,90.0,0.0,90,74,82.0,8.0,64.0,8,8,8,1,0.0,0.0,0.0,0.0,0,0.0,0.0,0.0,0.0,0.0,0.0,0.0,0.0,0.0,0,0,0,0,1,0,0,0,0,0,0,1.0,82.0,0,0,0.0,0.0,0.0,0.0,0.0,0.0,0.0,0.0,0.0,0.0,0.0,0.0,0.0,0.0,74.0,90.0,0,1,1,74,90
192.168.43.203,192.168.43.96,44395,53,17,2022-09-19 11:37:58,65552.2346496582,2684.8817731481818,30.510020149411158,15.255010074705579,15.255010074705579,1,1,74,102,74.0,74.0,74.0,0.0,102.0,102.0,102.0,0.0,102,74,88.0,14.0,196.0,8,8,8,1,0.0,0.0,0.0,0.0,0,0.0,0.0,0.0,0.0,0.0,0.0,0.0,0.0,0.0,0,0,0,0,1,0,0,0,0,0,0,1.0,88.0,0,0,0.0,0.0,0.0,0.0,0.0,0.0,0.0,0.0,0.0,0.0,0.0,0.0,0.0,0.0,74.0,102.0,0,1,1,74,102
192.168.43.203,192.168.43.96,37793,53,17,2022-09-19 11:37:58,63996.315002441406,2656.4029505998064,31.25179941882125,15.625899709410625,15.625899709410625,1,1,77,93,77.0,77.0,77.0,0.0,93.0,93.0,93.0,0.0,93,77,85.0,8.0,64.0,8,8,8,1,0.0,0.0,0.0,0.0,0,0.0,0.0,0.0,0.0,0.0,0.0,0.0,0.0,0.0,0,0,0,0,1,0,0,0,0,0,0,1.0,85.0,0,0,0.0,0.0,0.0,0.0,0.0,0.0,0.0,0.0,0.0,0.0,0.0,0.0,0.0,0.0,77.0,93.0,0,1,1,77,93
192.168.43.203,192.168.43.96,54988,53,17,2022-09-19 11:37:58,64147.7108001709,2837.2017914552785,31.17804166434372,15.58902083217186,15.58902083217186,1,1,77,105,77.0,77.0,77.0,0.0,105.0,105.0,105.0,0.0,105,77,91.0,14.0,196.0,8,8,8,1,0.0,0.0,0.0,0.0,0,0.0,0.0,0.0,0.0,0.0,0.0,0.0,0.0,0.0,0,0,0,0,1,0,0,0,0,0,0,1.0,91.0,0,0,0.0,0.0,0.0,0.0,0.0,0.0,0.0,0.0,0.0,0.0,0.0,0.0,0.0,0.0,77.0,105.0,0,1,1,77,105
192.168.43.203,192.168.43.96,53503,53,17,2022-09-19 11:37:58,1722.574234008789,91723.1878200692,1161.053010380623,580.5265051903115,580.5265051903115,1,1,79,79,79.0,79.0,79.0,0.0,79.0,79.0,79.0,0.0,79,79,79.0,0.0,0.0,8,8,8,1,0.0,0.0,0.0,0.0,0,0.0,0.0,0.0,0.0,0.0,0.0,0.0,0.0,0.0,0,0,0,0,1,0,0,0,0,0,0,1.0,79.0,0,0,0.0,0.0,0.0,0.0,0.0,0.0,0.0,0.0,0.0,0.0,0.0,0.0,0.0,0.0,79.0,79.0,0,1,1,79,79
192.168.43.203,192.168.43.96,32823,53,17,2022-09-19 11:37:58,1737.1177673339844,89803.9286302498,1151.3324183365357,575.6662091682679,575.6662091682679,1,1,78,78,78.0,78.0,78.0,0.0,78.0,78.0,78.0,0.0,78,78,78.0,0.0,0.0,8,8,8,1,0.0,0.0,0.0,0.0,0,0.0,0.0,0.0,0.0,0.0,0.0,0.0,0.0,0.0,0,0,0,0,1,0,0,0,0,0,0,1.0,78.0,0,0,0.0,0.0,0.0,0.0,0.0,0.0,0.0,0.0,0.0,0.0,0.0,0.0,0.0,0.0,78.0,78.0,0,1,1,78,78
192.168.43.203,192.168.43.96,55516,53,17,2022-09-19 11:37:58,1638.650894165039,96420.7816091954,1220.5162229012076,610.2581114506038,610.2581114506038,1,1,79,79,79.0,79.0,79.0,0.0,79.0,79.0,79.0,0.0,79,79,79.0,0.0,0.0,8,8,8,1,0.0,0.0,0.0,0.0,0,0.0,0.0,0.0,0.0,0.0,0.0,0.0,0.0,0.0,0,0,0,0,1,0,0,0,0,0,0,1.0,79.0,0,0,0.0,0.0,0.0,0.0,0.0,0.0,0.0,0.0,0.0,0.0,0.0,0.0,0.0,0.0,79.0,79.0,0,1,1,79,79
192.168.43.203,173.194.76.155,40212,443,6,2022-09-19 11:37:57,520638.46588134766,6655.290046874227,30.731498051944484,17.28646765421877,13.445030397725711,9,7,2134,1331,1307.0,66.0,237.11111111111111,382.3359326980643,834.0,66.0,190.14285714285714,263.71327967614945,1307,66,216.5625,336.4451977570047,113195.37109375,180,140,20,4,34690.61851501465,180993.79539489746,-186.68174743652344,67615.94715366545,350072.62229919434,181420.32623291016,83.92333984375,43759.07778739929,72793.8535376549,363345.6230163574,185727.59628295898,0.0,60557.60383605957,85558.01548021733,0,0,0,0,1,0,0,0,0,0,0,0.7777777777777778,216.5625,64240,276,177598.9532470703,156669.13986206055,167134.04655456543,10464.906692504883,180370.09239196777,157292.84286499023,168277.97889709473,9453.708646519079,0.0,0.0,0.0,0.0,0.0,0.0,237.11111111111111,190.14285714285714,0,9,7,2134,1331
192.168.43.203,142.250.181.3,53638,443,17,2022-09-19 11:37:58,424691.91551208496,15566.578403143345,35.31972107807445,14.12788843122978,21.19183264684467,6,9,2241,4370,1399.0,74.0,373.5,474.4669816400997,1399.0,70.0,485.55555555555554,528.1567762008867,1399,70,440.73333333333335,510.32427163737975,260430.86222222215,48,72,8,6,30335.136822291784,115053.17687988281,0.0,38768.11086846546,309638.73863220215,187145.70999145508,3888.1301879882812,61927.74772644043,66032.04779144256,317660.3317260742,116223.33526611328,0.0,39707.54146575928,41765.50537167889,0,0,0,0,1,0,0,0,0,0,0,1.5,440.73333333333335,0,0,98579.16831970215,3888.1301879882812,47963.857650756836,38933.043266599,113883.01849365234,16429.424285888672,62792.12236404419,44119.371682226214,0.0,0.0,3357.0,4.0,0.0,41479.07241902461,373.5,485.55555555555554,0,6,9,2241,4370
192.168.43.203,216.58.208.228,56112,443,6,2022-09-19 11:37:58,451912.87994384766,11719.072934274529,64.17166070505313,33.19223829571713,30.979422409335992,15,14,2897,2399,1298.0,66.0,193.13333333333333,320.6314325757155,834.0,66.0,171.35714285714286,217.36592161042864,1298,66,182.6206896551724,275.8668361657053,76102.51129607609,300,280,20,6,16133.010387420654,114148.37837219238,-77.24761962890625,34913.2970982613,369046.2112426758,189678.90739440918,5.7220458984375,26360.443660191126,54885.52604826124,394127.60734558105,114736.55700683594,0.0,30317.50825735239,46234.57913397567,0,0,0,0,1,0,0,0,0,0,0,0.9333333333333333,182.6206896551724,64240,276,112922.66845703125,5299.091339111328,72493.17169189453,39691.327221654086,114148.13995361328,5270.719528198242,74222.08786010742,36520.83017673298,0.0,0.0,606.0,4.0,0.0,2541748224.0,193.13333333333333,171.35714285714286,0,15,14,2897,2399
192.168.43.203,142.250.181.3,35332,443,6,2022-09-19 11:37:58,323609.3521118164,10892.76307064825,52.53247438326816,27.81130996761255,24.721164415655604,9,8,2128,1397,1301.0,66.0,236.44444444444446,380.4705014441144,834.0,66.0,174.625,250.0744576621131,1301,66,207.35294117647058,327.1358669307387,107017.87543252597,180,160,20,4,20225.584506988525,98922.9679107666,9.5367431640625,32120.52614962693,247423.4104156494,175750.9708404541,485.8970642089844,30927.926301956177,58471.24007661243,259653.56826782227,98922.9679107666,503.30162048339844,37093.36689540318,38215.59082917957,0,0,0,0,1,0,0,0,0,0,0,0.8888888888888888,207.35294117647058,64240,276,97082.13806152344,53167.81997680664,71239.94827270508,18750.95064104287,87117.19512939453,63955.78384399414,70651.94845199585,9577.78386467864,0.0,0.0,0.0,0.0,0.0,0.0,236.44444444444446,174.625,0,9,8,2128,1397
192.168.43.203,192.168.43.96,52357,53,17,2022-09-19 11:37:58,1404.5238494873047,108221.7294177559,1423.9701239178407,711.9850619589204,711.9850619589204,1,1,76,76,76.0,76.0,76.0,0.0,76.0,76.0,76.0,0.0,76,76,76.0,0.0,0.0,8,8,8,1,0.0,0.0,0.0,0.0,0,0.0,0.0,0.0,0.0,0.0,0.0,0.0,0.0,0.0,0,0,0,0,1,0,0,0,0,0,0,1.0,76.0,0,0,0.0,0.0,0.0,0.0,0.0,0.0,0.0,0.0,0.0,0.0,0.0,0.0,0.0,0.0,76.0,76.0,0,1,1,76,76
192.168.43.203,192.168.43.96,40269,53,17,2022-09-19 11:37:58,2541.3036346435547,59811.82174688057,786.997654564218,393.498827282109,393.498827282109,1,1,76,76,76.0,76.0,76.0,0.0,76.0,76.0,76.0,0.0,76,76,76.0,0.0,0.0,8,8,8,1,0.0,0.0,0.0,0.0,0,0.0,0.0,0.0,0.0,0.0,0.0,0.0,0.0,0.0,0,0,0,0,1,0,0,0,0,0,0,1.0,76.0,0,0,0.0,0.0,0.0,0.0,0.0,0.0,0.0,0.0,0.0,0.0,0.0,0.0,0.0,0.0,76.0,76.0,0,1,1,76,76
192.168.43.203,192.168.43.96,49503,53,17,2022-09-19 11:37:58,2719.1638946533203,57370.576413853574,735.5202104340202,367.7601052170101,367.7601052170101,1,1,78,78,78.0,78.0,78.0,0.0,78.0,78.0,78.0,0.0,78,78,78.0,0.0,0.0,8,8,8,1,0.0,0.0,0.0,0.0,0,0.0,0.0,0.0,0.0,0.0,0.0,0.0,0.0,0.0,0,0,0,0,1,0,0,0,0,0,0,1.0,78.0,0,0,0.0,0.0,0.0,0.0,0.0,0.0,0.0,0.0,0.0,0.0,0.0,0.0,0.0,0.0,78.0,78.0,0,1,1,78,78
192.168.43.203,192.168.43.96,38206,53,17,2022-09-19 11:37:58,4448.413848876953,35518.27805766963,449.59845642619786,224.79922821309893,224.79922821309893,1,1,79,79,79.0,79.0,79.0,0.0,79.0,79.0,79.0,0.0,79,79,79.0,0.0,0.0,8,8,8,1,0.0,0.0,0.0,0.0,0,0.0,0.0,0.0,0.0,0.0,0.0,0.0,0.0,0.0,0,0,0,0,1,0,0,0,0,0,0,1.0,79.0,0,0,0.0,0.0,0.0,0.0,0.0,0.0,0.0,0.0,0.0,0.0,0.0,0.0,0.0,0.0,79.0,79.0,0,1,1,79,79
192.168.43.203,192.168.43.96,45747,53,17,2022-09-19 11:37:59,1348.257064819336,115704.93793103448,1483.3966401414677,741.6983200707339,741.6983200707339,1,1,78,78,78.0,78.0,78.0,0.0,78.0,78.0,78.0,0.0,78,78,78.0,0.0,0.0,8,8,8,1,0.0,0.0,0.0,0.0,0,0.0,0.0,0.0,0.0,0.0,0.0,0.0,0.0,0.0,0,0,0,0,1,0,0,0,0,0,0,1.0,78.0,0,0,0.0,0.0,0.0,0.0,0.0,0.0,0.0,0.0,0.0,0.0,0.0,0.0,0.0,0.0,78.0,78.0,0,1,1,78,78
192.168.43.203,192.168.43.96,33121,53,17,2022-09-19 11:37:59,1709.9380493164062,92401.00836586727,1169.633017289459,584.8165086447295,584.8165086447295,1,1,79,79,79.0,79.0,79.0,0.0,79.0,79.0,79.0,0.0,79,79,79.0,0.0,0.0,8,8,8,1,0.0,0.0,0.0,0.0,0,0.0,0.0,0.0,0.0,0.0,0.0,0.0,0.0,0.0,0,0,0,0,1,0,0,0,0,0,0,1.0,79.0,0,0,0.0,0.0,0.0,0.0,0.0,0.0,0.0,0.0,0.0,0.0,0.0,0.0,0.0,0.0,79.0,79.0,0,1,1,79,79
172.67.68.36,192.168.43.203,443,59452,6,2022-09-19 11:36:57,101894086.83776855,11.53158182643891,0.15702579508342346,0.09814112192713965,0.0588846731562838,10,6,677,498,79.0,54.0,67.7,11.79872874508097,83.0,83.0,83.0,0.0,83,54,73.4375,11.91096527364596,141.87109375,200,120,20,5,6792939.122517903,25355700.731277466,753.8795471191406,11109512.874673417,101893332.95822144,25355700.731277466,135842.56172180176,11321481.439802382,12427256.072006145,101892742.395401,25497403.621673584,394618.7496185303,20378548.4790802,9992972.057599079,0,0,0,0,1,0,0,0,0,0,0,0.6,73.4375,8,501,25354188.680648804,1344.442367553711,15181159.448623657,12251891.173156746,25215509.89151001,133425.47416687012,11245204.157299466,12362509.722009465,0.0,0.0,0.0,0.0,0.0,0.0,67.7,83.0,0,10,6,677,498
192.168.43.203,192.168.43.96,58524,53,17,2022-09-19 11:37:59,0.0,0,0,0,0,1,0,72,0,72.0,72.0,72.0,0.0,0.0,0.0,0.0,0.0,72,72,72.0,0.0,0.0,8,0,8,1,0.0,0.0,0.0,0.0,0,0.0,0.0,0.0,0.0,0.0,0.0,0.0,0.0,0.0,0,0,0,0,0,0,0,0,0,0,0,0.0,72.0,0,0,0.0,0.0,0.0,0.0,0.0,0.0,0.0,0.0,0.0,0.0,0.0,0.0,0.0,0.0,72.0,0.0,0,1,0,72,0
192.168.43.203,192.168.43.96,41520,53,17,2022-09-19 11:37:59,0.0,0,0,0,0,1,0,72,0,72.0,72.0,72.0,0.0,0.0,0.0,0.0,0.0,72,72,72.0,0.0,0.0,8,0,8,1,0.0,0.0,0.0,0.0,0,0.0,0.0,0.0,0.0,0.0,0.0,0.0,0.0,0.0,0,0,0,0,0,0,0,0,0,0,0,0.0,72.0,0,0,0.0,0.0,0.0,0.0,0.0,0.0,0.0,0.0,0.0,0.0,0.0,0.0,0.0,0.0,72.0,0.0,0,1,0,72,0
192.168.43.203,44.239.126.203,38134,443,6,2022-09-19 11:37:13,91630234.95674133,42.92251353340708,0.2619222793800584,0.1527879963050341,0.10913428307502435,14,10,2549,1384,819.0,66.0,182.07142857142858,206.0878676285275,254.0,66.0,138.4,77.49993548384411,819,66,163.875,166.5581261151794,27741.609375,280,200,20,7,3983915.3497115425,30828298.091888428,-149.4884490966797,10084026.889861055,91630234.95674133,30828298.091888428,21.219253540039062,7048479.612057026,12582062.250812095,91261828.66096497,31289816.14112854,0.0,10140203.184551664,14344808.636711061,0,0,0,0,1,0,0,0,0,0,0,0.7142857142857143,163.875,501,425,30828268.28956604,331537.96195983887,15199619.65084076,14818326.675346434,30828211.545944214,331516.5042877197,13089869.431086948,14660155.650368355,0.0,0.0,0.0,0.0,0.0,0.0,182.07142857142858,138.4,0,14,10,2549,1384
192.168.43.203,192.168.43.96,44594,53,17,2022-09-19 11:38:03,69934.60655212402,2173.4589996829477,28.598144732670363,14.299072366335182,14.299072366335182,1,1,76,76,76.0,76.0,76.0,0.0,76.0,76.0,76.0,0.0,76,76,76.0,0.0,0.0,8,8,8,1,0.0,0.0,0.0,0.0,0,0.0,0.0,0.0,0.0,0.0,0.0,0.0,0.0,0.0,0,0,0,0,1,0,0,0,0,0,0,1.0,76.0,0,0,0.0,0.0,0.0,0.0,0.0,0.0,0.0,0.0,0.0,0.0,0.0,0.0,0.0,0.0,76.0,76.0,0,1,1,76,76
192.168.43.203,192.168.43.96,35367,53,17,2022-09-19 11:38:07,2573.4901428222656,60618.06781545303,777.1547155827311,388.57735779136556,388.57735779136556,1,1,78,78,78.0,78.0,78.0,0.0,78.0,78.0,78.0,0.0,78,78,78.0,0.0,0.0,8,8,8,1,0.0,0.0,0.0,0.0,0,0.0,0.0,0.0,0.0,0.0,0.0,0.0,0.0,0.0,0,0,0,0,1,0,0,0,0,0,0,1.0,78.0,0,0,0.0,0.0,0.0,0.0,0.0,0.0,0.0,0.0,0.0,0.0,0.0,0.0,0.0,0.0,78.0,78.0,0,1,1,78,78
192.168.43.203,192.168.43.96,34746,53,17,2022-09-19 11:38:07,2304.7924041748047,68552.81183407469,867.7571118237303,433.87855591186513,433.87855591186513,1,1,79,79,79.0,79.0,79.0,0.0,79.0,79.0,79.0,0.0,79,79,79.0,0.0,0.0,8,8,8,1,0.0,0.0,0.0,0.0,0,0.0,0.0,0.0,0.0,0.0,0.0,0.0,0.0,0.0,0,0,0,0,1,0,0,0,0,0,0,1.0,79.0,0,0,0.0,0.0,0.0,0.0,0.0,0.0,0.0,0.0,0.0,0.0,0.0,0.0,0.0,0.0,79.0,79.0,0,1,1,79,79
192.168.43.203,192.168.43.96,48509,53,17,2022-09-19 11:38:07,1949.310302734375,80028.30528375733,1026.0039138943248,513.0019569471624,513.0019569471624,1,1,78,78,78.0,78.0,78.0,0.0,78.0,78.0,78.0,0.0,78,78,78.0,0.0,0.0,8,8,8,1,0.0,0.0,0.0,0.0,0,0.0,0.0,0.0,0.0,0.0,0.0,0.0,0.0,0.0,0,0,0,0,1,0,0,0,0,0,0,1.0,78.0,0,0,0.0,0.0,0.0,0.0,0.0,0.0,0.0,0.0,0.0,0.0,0.0,0.0,0.0,0.0,78.0,78.0,0,1,1,78,78
192.168.43.203,192.168.43.96,56887,53,17,2022-09-19 11:38:07,1159.1911315917969,136301.93994241054,1725.3410119292473,862.6705059646237,862.6705059646237,1,1,79,79,79.0,79.0,79.0,0.0,79.0,79.0,79.0,0.0,79,79,79.0,0.0,0.0,8,8,8,1,0.0,0.0,0.0,0.0,0,0.0,0.0,0.0,0.0,0.0,0.0,0.0,0.0,0.0,0,0,0,0,1,0,0,0,0,0,0,1.0,79.0,0,0,0.0,0.0,0.0,0.0,0.0,0.0,0.0,0.0,0.0,0.0,0.0,0.0,0.0,0.0,79.0,79.0,0,1,1,79,79
192.168.43.203,40.76.174.66,38616,443,6,2022-09-19 11:37:18,92423290.96794128,3032.2226904602344,5.139397169537736,2.391172156774399,2.7482250127633363,221,254,257362,22886,1442.0,54.0,1164.5339366515836,546.2248844696792,1442.0,54.0,90.10236220472441,89.48983443308481,1442,54,589.9957894736842,655.9778333732079,430306.91787700815,4420,5080,20,185,194984.1397724071,37972334.86175537,-116.58668518066406,2356356.1134124873,92423290.96794128,37972334.86175537,1.9073486328125,420105.86803609674,3445075.70028537,66919802.18887329,38526357.17391968,0.0,264505.14699159405,2848097.1786638172,0,0,0,0,1,0,0,0,0,0,0,1.1493212669683257,589.9957894736842,501,2049,37972327.709198,5682.468414306641,2795075.684785843,8722789.77592519,37972263.09776306,6948.947906494141,3550206.1385374805,9450563.884912236,18310.153846153848,13.615384615384615,833.6,12.7,160110.0282488648,16203.913155149408,1164.5339366515836,90.10236220472441,0,221,254,257362,22886
192.168.43.203,192.168.43.96,47239,53,17,2022-09-19 11:38:09,5245.92399597168,29737.373267281735,381.2483752215607,190.62418761078035,190.62418761078035,1,1,78,78,78.0,78.0,78.0,0.0,78.0,78.0,78.0,0.0,78,78,78.0,0.0,0.0,8,8,8,1,0.0,0.0,0.0,0.0,0,0.0,0.0,0.0,0.0,0.0,0.0,0.0,0.0,0.0,0,0,0,0,1,0,0,0,0,0,0,1.0,78.0,0,0,0.0,0.0,0.0,0.0,0.0,0.0,0.0,0.0,0.0,0.0,0.0,0.0,0.0,0.0,78.0,78.0,0,1,1,78,78
192.168.43.203,192.168.43.96,48580,53,17,2022-09-19 11:38:09,4621.5057373046875,32889.71357820883,432.75938918695834,216.37969459347917,216.37969459347917,1,1,76,76,76.0,76.0,76.0,0.0,76.0,76.0,76.0,0.0,76,76,76.0,0.0,0.0,8,8,8,1,0.0,0.0,0.0,0.0,0,0.0,0.0,0.0,0.0,0.0,0.0,0.0,0.0,0.0,0,0,0,0,1,0,0,0,0,0,0,1.0,76.0,0,0,0.0,0.0,0.0,0.0,0.0,0.0,0.0,0.0,0.0,0.0,0.0,0.0,0.0,0.0,76.0,76.0,0,1,1,76,76
192.168.43.203,192.168.43.96,38073,53,17,2022-09-19 11:38:09,4092.4549102783203,38607.63367317215,488.7042237110399,244.35211185551995,244.35211185551995,1,1,79,79,79.0,79.0,79.0,0.0,79.0,79.0,79.0,0.0,79,79,79.0,0.0,0.0,8,8,8,1,0.0,0.0,0.0,0.0,0,0.0,0.0,0.0,0.0,0.0,0.0,0.0,0.0,0.0,0,0,0,0,1,0,0,0,0,0,0,1.0,79.0,0,0,0.0,0.0,0.0,0.0,0.0,0.0,0.0,0.0,0.0,0.0,0.0,0.0,0.0,0.0,79.0,79.0,0,1,1,79,79
192.168.43.203,192.168.43.96,49318,53,17,2022-09-19 11:38:09,3391.265869140625,46000.52193475816,589.7502812148482,294.8751406074241,294.8751406074241,1,1,78,78,78.0,78.0,78.0,0.0,78.0,78.0,78.0,0.0,78,78,78.0,0.0,0.0,8,8,8,1,0.0,0.0,0.0,0.0,0,0.0,0.0,0.0,0.0,0.0,0.0,0.0,0.0,0.0,0,0,0,0,1,0,0,0,0,0,0,1.0,78.0,0,0,0.0,0.0,0.0,0.0,0.0,0.0,0.0,0.0,0.0,0.0,0.0,0.0,0.0,0.0,78.0,78.0,0,1,1,78,78
192.168.43.203,192.168.43.96,48001,53,17,2022-09-19 11:38:09,2757.549285888672,56571.971641016775,725.2816877053433,362.64084385267165,362.64084385267165,1,1,78,78,78.0,78.0,78.0,0.0,78.0,78.0,78.0,0.0,78,78,78.0,0.0,0.0,8,8,8,1,0.0,0.0,0.0,0.0,0,0.0,0.0,0.0,0.0,0.0,0.0,0.0,0.0,0.0,0,0,0,0,1,0,0,0,0,0,0,1.0,78.0,0,0,0.0,0.0,0.0,0.0,0.0,0.0,0.0,0.0,0.0,0.0,0.0,0.0,0.0,0.0,78.0,78.0,0,1,1,78,78
192.168.43.203,192.168.43.96,38784,53,17,2022-09-19 11:38:09,3047.466278076172,51846.348928180254,656.2828978250665,328.14144891253324,328.14144891253324,1,1,79,79,79.0,79.0,79.0,0.0,79.0,79.0,79.0,0.0,79,79,79.0,0.0,0.0,8,8,8,1,0.0,0.0,0.0,0.0,0,0.0,0.0,0.0,0.0,0.0,0.0,0.0,0.0,0.0,0,0,0,0,1,0,0,0,0,0,0,1.0,79.0,0,0,0.0,0.0,0.0,0.0,0.0,0.0,0.0,0.0,0.0,0.0,0.0,0.0,0.0,0.0,79.0,79.0,0,1,1,79,79
192.168.43.203,192.168.43.96,48270,53,17,2022-09-19 11:38:09,4814.624786376953,31570.476775279785,415.4010102010498,207.7005051005249,207.7005051005249,1,1,76,76,76.0,76.0,76.0,0.0,76.0,76.0,76.0,0.0,76,76,76.0,0.0,0.0,8,8,8,1,0.0,0.0,0.0,0.0,0,0.0,0.0,0.0,0.0,0.0,0.0,0.0,0.0,0.0,0,0,0,0,1,0,0,0,0,0,0,1.0,76.0,0,0,0.0,0.0,0.0,0.0,0.0,0.0,0.0,0.0,0.0,0.0,0.0,0.0,0.0,0.0,76.0,76.0,0,1,1,76,76
192.168.43.203,192.168.43.96,57366,53,17,2022-09-19 11:38:09,3049.612045288086,51809.86881400985,655.8211242279727,327.9105621139864,327.9105621139864,1,1,79,79,79.0,79.0,79.0,0.0,79.0,79.0,79.0,0.0,79,79,79.0,0.0,0.0,8,8,8,1,0.0,0.0,0.0,0.0,0,0.0,0.0,0.0,0.0,0.0,0.0,0.0,0.0,0.0,0,0,0,0,1,0,0,0,0,0,0,1.0,79.0,0,0,0.0,0.0,0.0,0.0,0.0,0.0,0.0,0.0,0.0,0.0,0.0,0.0,0.0,0.0,79.0,79.0,0,1,1,79,79
192.168.43.203,192.168.43.96,47794,53,17,2022-09-19 11:38:09,2669.811248779297,58431.096981603856,749.1166279692802,374.5583139846401,374.5583139846401,1,1,78,78,78.0,78.0,78.0,0.0,78.0,78.0,78.0,0.0,78,78,78.0,0.0,0.0,8,8,8,1,0.0,0.0,0.0,0.0,0,0.0,0.0,0.0,0.0,0.0,0.0,0.0,0.0,0.0,0,0,0,0,1,0,0,0,0,0,0,1.0,78.0,0,0,0.0,0.0,0.0,0.0,0.0,0.0,0.0,0.0,0.0,0.0,0.0,0.0,0.0,0.0,78.0,78.0,0,1,1,78,78
192.168.43.203,192.168.43.96,37358,53,17,2022-09-19 11:38:09,2176.2847900390625,71681.7949167397,918.9973707274321,459.49868536371605,459.49868536371605,1,1,78,78,78.0,78.0,78.0,0.0,78.0,78.0,78.0,0.0,78,78,78.0,0.0,0.0,8,8,8,1,0.0,0.0,0.0,0.0,0,0.0,0.0,0.0,0.0,0.0,0.0,0.0,0.0,0.0,0,0,0,0,1,0,0,0,0,0,0,1.0,78.0,0,0,0.0,0.0,0.0,0.0,0.0,0.0,0.0,0.0,0.0,0.0,0.0,0.0,0.0,0.0,78.0,78.0,0,1,1,78,78
192.168.43.203,192.168.43.96,59688,53,17,2022-09-19 11:38:09,2304.553985595703,68559.90399337886,867.8468859921373,433.9234429960687,433.9234429960687,1,1,79,79,79.0,79.0,79.0,0.0,79.0,79.0,79.0,0.0,79,79,79.0,0.0,0.0,8,8,8,1,0.0,0.0,0.0,0.0,0,0.0,0.0,0.0,0.0,0.0,0.0,0.0,0.0,0.0,0,0,0,0,1,0,0,0,0,0,0,1.0,79.0,0,0,0.0,0.0,0.0,0.0,0.0,0.0,0.0,0.0,0.0,0.0,0.0,0.0,0.0,0.0,79.0,79.0,0,1,1,79,79
192.168.43.203,192.168.43.96,58058,53,17,2022-09-19 11:38:10,2268.7911987304688,69640.60865910046,881.5266918873476,440.7633459436738,440.7633459436738,1,1,79,79,79.0,79.0,79.0,0.0,79.0,79.0,79.0,0.0,79,79,79.0,0.0,0.0,8,8,8,1,0.0,0.0,0.0,0.0,0,0.0,0.0,0.0,0.0,0.0,0.0,0.0,0.0,0.0,0,0,0,0,1,0,0,0,0,0,0,1.0,79.0,0,0,0.0,0.0,0.0,0.0,0.0,0.0,0.0,0.0,0.0,0.0,0.0,0.0,0.0,0.0,79.0,79.0,0,1,1,79,79
192.168.43.203,192.168.43.96,33602,53,17,2022-09-19 11:38:10,2126.455307006836,73361.52304069963,940.5323466756363,470.26617333781815,470.26617333781815,1,1,78,78,78.0,78.0,78.0,0.0,78.0,78.0,78.0,0.0,78,78,78.0,0.0,0.0,8,8,8,1,0.0,0.0,0.0,0.0,0,0.0,0.0,0.0,0.0,0.0,0.0,0.0,0.0,0.0,0,0,0,0,1,0,0,0,0,0,0,1.0,78.0,0,0,0.0,0.0,0.0,0.0,0.0,0.0,0.0,0.0,0.0,0.0,0.0,0.0,0.0,0.0,78.0,78.0,0,1,1,78,78
192.168.43.203,192.168.43.96,34755,53,17,2022-09-19 11:38:10,4183.530807495117,37767.14150567049,478.06508235025933,239.03254117512967,239.03254117512967,1,1,79,79,79.0,79.0,79.0,0.0,79.0,79.0,79.0,0.0,79,79,79.0,0.0,0.0,8,8,8,1,0.0,0.0,0.0,0.0,0,0.0,0.0,0.0,0.0,0.0,0.0,0.0,0.0,0.0,0,0,0,0,1,0,0,0,0,0,0,1.0,79.0,0,0,0.0,0.0,0.0,0.0,0.0,0.0,0.0,0.0,0.0,0.0,0.0,0.0,0.0,0.0,79.0,79.0,0,1,1,79,79
192.168.43.203,192.168.43.96,45650,53,17,2022-09-19 11:38:12,1709.9380493164062,91231.3753485778,1169.633017289459,584.8165086447295,584.8165086447295,1,1,78,78,78.0,78.0,78.0,0.0,78.0,78.0,78.0,0.0,78,78,78.0,0.0,0.0,8,8,8,1,0.0,0.0,0.0,0.0,0,0.0,0.0,0.0,0.0,0.0,0.0,0.0,0.0,0.0,0,0,0,0,1,0,0,0,0,0,0,1.0,78.0,0,0,0.0,0.0,0.0,0.0,0.0,0.0,0.0,0.0,0.0,0.0,0.0,0.0,0.0,0.0,78.0,78.0,0,1,1,78,78
192.168.43.203,192.168.43.96,43590,53,17,2022-09-19 11:38:12,1432.657241821289,108888.57114328507,1396.0073223498086,698.0036611749043,698.0036611749043,1,1,78,78,78.0,78.0,78.0,0.0,78.0,78.0,78.0,0.0,78,78,78.0,0.0,0.0,8,8,8,1,0.0,0.0,0.0,0.0,0,0.0,0.0,0.0,0.0,0.0,0.0,0.0,0.0,0.0,0,0,0,0,1,0,0,0,0,0,0,1.0,78.0,0,0,0.0,0.0,0.0,0.0,0.0,0.0,0.0,0.0,0.0,0.0,0.0,0.0,0.0,0.0,78.0,78.0,0,1,1,78,78
192.168.43.203,54.169.175.250,35984,443,6,2022-09-19 11:37:23,90206668.3769226,20.962973514314722,0.1995417891367874,0.0997708945683937,0.0997708945683937,9,9,1147,744,145.0,66.0,127.44444444444444,32.84343706168237,141.0,66.0,82.66666666666667,31.18047822311618,145,66,105.05555555555556,39.07325345811978,1526.7191358024693,180,180,20,7,5306274.610407212,14863757.848739624,33.61701965332031,6028780.536143931,90065307.14035034,15022738.456726074,6639815.092086792,11258163.392543793,3803262.9534265855,89819805.86051941,15019274.473190308,6438493.967056274,11227475.732564926,3787300.832960669,0,0,0,0,1,0,0,0,0,0,0,1.0,105.05555555555556,501,148,14719170.331954956,6438438.892364502,11345882.2454725,3795726.3569453307,14713730.096817017,386862.51640319824,9754095.156987509,4798529.37899728,0.0,0.0,0.0,0.0,0.0,0.0,127.44444444444444,82.66666666666667,0,9,9,1147,744
192.168.43.203,34.237.73.95,39456,443,6,2022-09-19 11:37:43,30078358.65020752,41.92383017519807,0.23272546489007653,0.13298597993718658,0.09973948495288995,4,3,706,555,354.0,66.0,176.5,120.2279085736752,391.0,66.0,185.0,146.2486467173856,391,66,180.14285714285714,132.07619940390316,17444.12244897959,80,60,20,2,5013059.775034587,29545855.045318604,16.450881958007812,10972046.210271416,29793499.46975708,29545855.045318604,1230.001449584961,9931166.489919027,13870040.475647112,29831981.897354126,29547106.26602173,284875.63133239746,14915990.948677063,14631115.317344666,0,0,0,0,1,0,0,0,0,0,0,0.75,180.14285714285714,501,213,29545838.594436646,246339.0827178955,14896088.83857727,14649749.755859375,29545817.375183105,246376.75285339355,10025678.952534994,13802831.18149675,0.0,0.0,0.0,0.0,0.0,0.0,176.5,185.0,0,4,3,706,555
192.168.43.203,192.168.43.96,41947,53,17,2022-09-19 11:38:13,5612.850189208984,27080.715657123437,356.3252060147821,178.16260300739106,178.16260300739106,1,1,76,76,76.0,76.0,76.0,0.0,76.0,76.0,76.0,0.0,76,76,76.0,0.0,0.0,8,8,8,1,0.0,0.0,0.0,0.0,0,0.0,0.0,0.0,0.0,0.0,0.0,0.0,0.0,0.0,0,0,0,0,1,0,0,0,0,0,0,1.0,76.0,0,0,0.0,0.0,0.0,0.0,0.0,0.0,0.0,0.0,0.0,0.0,0.0,0.0,0.0,0.0,76.0,76.0,0,1,1,76,76
192.168.43.203,192.168.43.96,54595,53,17,2022-09-19 11:38:14,34342.288970947266,8036.738617903112,58.23723636161675,29.118618180808376,29.118618180808376,1,1,74,202,74.0,74.0,74.0,0.0,202.0,202.0,202.0,0.0,202,74,138.0,64.0,4096.0,8,8,8,1,0.0,0.0,0.0,0.0,0,0.0,0.0,0.0,0.0,0.0,0.0,0.0,0.0,0.0,0,0,0,0,1,0,0,0,0,0,0,1.0,138.0,0,0,0.0,0.0,0.0,0.0,0.0,0.0,0.0,0.0,0.0,0.0,0.0,0.0,0.0,0.0,74.0,202.0,0,1,1,74,202
192.168.43.203,192.168.43.96,46592,53,17,2022-09-19 11:38:14,5388.021469116211,27468.33895305102,371.1937696358246,185.5968848179123,185.5968848179123,1,1,74,74,74.0,74.0,74.0,0.0,74.0,74.0,74.0,0.0,74,74,74.0,0.0,0.0,8,8,8,1,0.0,0.0,0.0,0.0,0,0.0,0.0,0.0,0.0,0.0,0.0,0.0,0.0,0.0,0,0,0,0,1,0,0,0,0,0,0,1.0,74.0,0,0,0.0,0.0,0.0,0.0,0.0,0.0,0.0,0.0,0.0,0.0,0.0,0.0,0.0,0.0,74.0,74.0,0,1,1,74,74
192.168.43.203,192.168.43.96,45203,53,17,2022-09-19 11:38:15,5500.79345703125,28359.54507628294,363.5839112343967,181.79195561719834,181.79195561719834,1,1,78,78,78.0,78.0,78.0,0.0,78.0,78.0,78.0,0.0,78,78,78.0,0.0,0.0,8,8,8,1,0.0,0.0,0.0,0.0,0,0.0,0.0,0.0,0.0,0.0,0.0,0.0,0.0,0.0,0,0,0,0,1,0,0,0,0,0,0,1.0,78.0,0,0,0.0,0.0,0.0,0.0,0.0,0.0,0.0,0.0,0.0,0.0,0.0,0.0,0.0,0.0,78.0,78.0,0,1,1,78,78
192.168.43.203,192.168.43.96,54462,53,17,2022-09-19 11:38:15,5002.260208129883,31585.7219388971,399.81926504933034,199.90963252466517,199.90963252466517,1,1,79,79,79.0,79.0,79.0,0.0,79.0,79.0,79.0,0.0,79,79,79.0,0.0,0.0,8,8,8,1,0.0,0.0,0.0,0.0,0,0.0,0.0,0.0,0.0,0.0,0.0,0.0,0.0,0.0,0,0,0,0,1,0,0,0,0,0,0,1.0,79.0,0,0,0.0,0.0,0.0,0.0,0.0,0.0,0.0,0.0,0.0,0.0,0.0,0.0,0.0,0.0,79.0,79.0,0,1,1,79,79
192.168.43.203,192.168.43.96,50923,53,17,2022-09-19 11:38:15,4051.9237518310547,38500.23089143866,493.59270373639305,246.79635186819652,246.79635186819652,1,1,78,78,78.0,78.0,78.0,0.0,78.0,78.0,78.0,0.0,78,78,78.0,0.0,0.0,8,8,8,1,0.0,0.0,0.0,0.0,0,0.0,0.0,0.0,0.0,0.0,0.0,0.0,0.0,0.0,0,0,0,0,1,0,0,0,0,0,0,1.0,78.0,0,0,0.0,0.0,0.0,0.0,0.0,0.0,0.0,0.0,0.0,0.0,0.0,0.0,0.0,0.0,78.0,78.0,0,1,1,78,78
192.168.43.203,192.168.43.96,60365,53,17,2022-09-19 11:38:15,3162.384033203125,49962.30639324487,632.4342581423401,316.21712907117006,316.21712907117006,1,1,79,79,79.0,79.0,79.0,0.0,79.0,79.0,79.0,0.0,79,79,79.0,0.0,0.0,8,8,8,1,0.0,0.0,0.0,0.0,0,0.0,0.0,0.0,0.0,0.0,0.0,0.0,0.0,0.0,0,0,0,0,1,0,0,0,0,0,0,1.0,79.0,0,0,0.0,0.0,0.0,0.0,0.0,0.0,0.0,0.0,0.0,0.0,0.0,0.0,0.0,0.0,79.0,79.0,0,1,1,79,79
192.168.43.203,192.168.43.96,58494,53,17,2022-09-19 11:38:18,16718.86444091797,9091.526552963322,119.62534938109634,59.81267469054817,59.81267469054817,1,1,76,76,76.0,76.0,76.0,0.0,76.0,76.0,76.0,0.0,76,76,76.0,0.0,0.0,8,8,8,1,0.0,0.0,0.0,0.0,0,0.0,0.0,0.0,0.0,0.0,0.0,0.0,0.0,0.0,0,0,0,0,1,0,0,0,0,0,0,1.0,76.0,0,0,0.0,0.0,0.0,0.0,0.0,0.0,0.0,0.0,0.0,0.0,0.0,0.0,0.0,0.0,76.0,76.0,0,1,1,76,76
35.244.180.134,192.168.43.203,443,59686,6,2022-09-19 11:37:48,90169392.34733582,96.21890282436117,0.5877826013936309,0.3881583216750393,0.19962427971859162,35,18,6285,2391,451.0,66.0,179.57142857142858,108.83756854381951,319.0,66.0,132.83333333333334,100.69494635890236,451,66,163.69811320754718,108.42553916679329,11756.097543609825,700,360,20,26,1734026.7759103042,30101231.575012207,0.0,6050224.75655657,90168918.60961914,30101746.797561646,0.0,2652027.017929975,7328362.410993461,90168946.26617432,30101756.57272339,82.96966552734375,5304055.662716136,9647774.65845772,0,0,0,0,1,0,0,0,0,0,0,0.5142857142857142,163.69811320754718,495,501,30101068.258285522,116.3482666015625,5822809.1093210075,10425653.13155981,30100716.35246277,5445.4803466796875,5286343.546474681,9653101.063484125,564.0,4.0,0.0,0.0,645160215.2727273,0.0,179.57142857142858,132.83333333333334,0,35,18,6285,2391
192.168.43.203,192.168.43.96,48587,53,17,2022-09-19 11:38:23,5650.758743286133,26899.042572043374,353.93477068478126,176.96738534239063,176.96738534239063,1,1,76,76,76.0,76.0,76.0,0.0,76.0,76.0,76.0,0.0,76,76,76.0,0.0,0.0,8,8,8,1,0.0,0.0,0.0,0.0,0,0.0,0.0,0.0,0.0,0.0,0.0,0.0,0.0,0.0,0,0,0,0,1,0,0,0,0,0,0,1.0,76.0,0,0,0.0,0.0,0.0,0.0,0.0,0.0,0.0,0.0,0.0,0.0,0.0,0.0,0.0,0.0,76.0,76.0,0,1,1,76,76
192.168.43.203,192.168.43.96,53349,53,17,2022-09-19 11:38:24,247840.64292907715,899.7717136483316,8.06970146769804,4.03485073384902,4.03485073384902,1,1,72,151,72.0,72.0,72.0,0.0,151.0,151.0,151.0,0.0,151,72,111.5,39.5,1560.25,8,8,8,1,0.0,0.0,0.0,0.0,0,0.0,0.0,0.0,0.0,0.0,0.0,0.0,0.0,0.0,0,0,0,0,1,0,0,0,0,0,0,1.0,111.5,0,0,0.0,0.0,0.0,0.0,0.0,0.0,0.0,0.0,0.0,0.0,0.0,0.0,0.0,0.0,72.0,151.0,0,1,1,72,151
192.168.43.203,192.168.43.96,33350,53,17,2022-09-19 11:38:24,51060.43815612793,5444.528289200282,39.16926826762793,19.584634133813964,19.584634133813964,1,1,72,206,72.0,72.0,72.0,0.0,206.0,206.0,206.0,0.0,206,72,139.0,67.0,4489.0,8,8,8,1,0.0,0.0,0.0,0.0,0,0.0,0.0,0.0,0.0,0.0,0.0,0.0,0.0,0.0,0,0,0,0,1,0,0,0,0,0,0,1.0,139.0,0,0,0.0,0.0,0.0,0.0,0.0,0.0,0.0,0.0,0.0,0.0,0.0,0.0,0.0,0.0,72.0,206.0,0,1,1,72,206
192.168.43.203,192.168.43.96,47983,53,17,2022-09-19 11:38:24,1396.8944549560547,156060.46629117598,1431.747397166752,715.873698583376,715.873698583376,1,1,109,109,109.0,109.0,109.0,0.0,109.0,109.0,109.0,0.0,109,109,109.0,0.0,0.0,8,8,8,1,0.0,0.0,0.0,0.0,0,0.0,0.0,0.0,0.0,0.0,0.0,0.0,0.0,0.0,0,0,0,0,1,0,0,0,0,0,0,1.0,109.0,0,0,0.0,0.0,0.0,0.0,0.0,0.0,0.0,0.0,0.0,0.0,0.0,0.0,0.0,0.0,109.0,109.0,0,1,1,109,109
192.168.43.203,192.168.43.96,45308,53,17,2022-09-19 11:38:25,4709.959030151367,33121.3072133637,424.63214376107317,212.31607188053658,212.31607188053658,1,1,78,78,78.0,78.0,78.0,0.0,78.0,78.0,78.0,0.0,78,78,78.0,0.0,0.0,8,8,8,1,0.0,0.0,0.0,0.0,0,0.0,0.0,0.0,0.0,0.0,0.0,0.0,0.0,0.0,0,0,0,0,1,0,0,0,0,0,0,1.0,78.0,0,0,0.0,0.0,0.0,0.0,0.0,0.0,0.0,0.0,0.0,0.0,0.0,0.0,0.0,0.0,78.0,78.0,0,1,1,78,78
192.168.43.203,192.168.43.96,42414,53,17,2022-09-19 11:38:25,4534.006118774414,34406.658463480046,441.11100594205186,220.55550297102593,220.55550297102593,1,1,78,78,78.0,78.0,78.0,0.0,78.0,78.0,78.0,0.0,78,78,78.0,0.0,0.0,8,8,8,1,0.0,0.0,0.0,0.0,0,0.0,0.0,0.0,0.0,0.0,0.0,0.0,0.0,0.0,0,0,0,0,1,0,0,0,0,0,0,1.0,78.0,0,0,0.0,0.0,0.0,0.0,0.0,0.0,0.0,0.0,0.0,0.0,0.0,0.0,0.0,0.0,78.0,78.0,0,1,1,78,78
192.168.43.203,192.168.43.96,59903,53,17,2022-09-19 11:38:28,59605.59844970703,4060.0213116590135,33.5538951376778,16.7769475688389,16.7769475688389,1,1,76,166,76.0,76.0,76.0,0.0,166.0,166.0,166.0,0.0,166,76,121.0,45.0,2025.0,8,8,8,1,0.0,0.0,0.0,0.0,0,0.0,0.0,0.0,0.0,0.0,0.0,0.0,0.0,0.0,0,0,0,0,1,0,0,0,0,0,0,1.0,121.0,0,0,0.0,0.0,0.0,0.0,0.0,0.0,0.0,0.0,0.0,0.0,0.0,0.0,0.0,0.0,76.0,166.0,0,1,1,76,166
192.168.43.203,34.107.204.85,57170,443,6,2022-09-19 11:38:33,2518303.632736206,1425.959901466798,8.73603949659414,4.765112452687712,3.9709270439064275,12,10,2511,1080,983.0,66.0,209.25,305.75865346162595,139.0,66.0,108.0,26.38181191654584,983,66,163.22727272727272,232.0597360042887,53851.72107438017,240,200,20,4,119904.5181274414,1995579.0042877197,-181.43653869628906,423834.4284554346,2465811.014175415,1995579.0042877197,34.57069396972656,224164.63765231046,568675.1444054663,2436408.042907715,2068153.6197662354,0.0,270712.00476752385,641016.0099796744,0,0,0,0,1,0,0,0,0,0,0,0.8333333333333334,163.22727272727272,501,331,1992476.463317871,7544.994354248047,477249.76539611816,763597.533389027,1995521.3069915771,7584.810256958008,348391.63507734024,675096.1234611078,0.0,0.0,210.0,4.0,0.0,63276.137931034486,209.25,108.0,0,12,10,2511,1080
192.168.43.203,192.168.43.96,49282,53,17,2022-09-19 11:38:35,95834.97047424316,1690.40590505049,20.869208704327036,10.434604352163518,10.434604352163518,1,1,73,89,73.0,73.0,73.0,0.0,89.0,89.0,89.0,0.0,89,73,81.0,8.0,64.0,8,8,8,1,0.0,0.0,0.0,0.0,0,0.0,0.0,0.0,0.0,0.0,0.0,0.0,0.0,0.0,0,0,0,0,1,0,0,0,0,0,0,1.0,81.0,0,0,0.0,0.0,0.0,0.0,0.0,0.0,0.0,0.0,0.0,0.0,0.0,0.0,0.0,0.0,73.0,89.0,0,1,1,73,89
192.168.43.203,192.168.43.96,35854,53,17,2022-09-19 11:38:35,1631.7367553710938,89475.21683226184,1225.687901811806,612.843950905903,612.843950905903,1,1,73,73,73.0,73.0,73.0,0.0,73.0,73.0,73.0,0.0,73,73,73.0,0.0,0.0,8,8,8,1,0.0,0.0,0.0,0.0,0,0.0,0.0,0.0,0.0,0.0,0.0,0.0,0.0,0.0,0,0,0,0,1,0,0,0,0,0,0,1.0,73.0,0,0,0.0,0.0,0.0,0.0,0.0,0.0,0.0,0.0,0.0,0.0,0.0,0.0,0.0,0.0,73.0,73.0,0,1,1,73,73
192.168.43.203,34.107.204.85,48220,443,17,2022-09-19 11:38:35,305713.6535644531,17238.35340212875,26.168278409303603,9.81310440348885,16.355174005814753,3,5,1718,3552,1399.0,73.0,572.6666666666666,588.5588802792424,1399.0,70.0,710.4,585.4808621979031,1399,70,658.75,590.4144201321644,348589.1875,24,40,8,3,43673.37908063616,112882.61413574219,0.2384185791015625,44265.71926882883,278670.7878112793,208258.62884521484,70412.15896606445,139335.39390563965,68923.2349395752,192831.03942871094,93803.16734313965,0.2384185791015625,48207.759857177734,36440.5474272068,0,0,0,0,1,0,0,0,0,0,0,1.6666666666666667,658.75,0,0,111309.76676940918,68022.01271057129,89665.88973999023,21643.877029418945,112882.61413574219,25847.911834716797,68791.54841105144,35541.03071470027,0.0,0.0,0.0,0.0,0.0,0.0,572.6666666666666,710.4,0,3,5,1718,3552
192.168.43.203,192.168.43.96,57004,53,17,2022-09-19 11:38:37,38001.77574157715,4105.071327741215,52.62911958642583,26.314559793212915,26.314559793212915,1,1,78,78,78.0,78.0,78.0,0.0,78.0,78.0,78.0,0.0,78,78,78.0,0.0,0.0,8,8,8,1,0.0,0.0,0.0,0.0,0,0.0,0.0,0.0,0.0,0.0,0.0,0.0,0.0,0.0,0,0,0,0,1,0,0,0,0,0,0,1.0,78.0,0,0,0.0,0.0,0.0,0.0,0.0,0.0,0.0,0.0,0.0,0.0,0.0,0.0,0.0,0.0,78.0,78.0,0,1,1,78,78
192.168.43.203,192.168.43.96,51829,53,17,2022-09-19 11:38:37,2521.991729736328,62648.8969559463,793.0240121005861,396.51200605029305,396.51200605029305,1,1,79,79,79.0,79.0,79.0,0.0,79.0,79.0,79.0,0.0,79,79,79.0,0.0,0.0,8,8,8,1,0.0,0.0,0.0,0.0,0,0.0,0.0,0.0,0.0,0.0,0.0,0.0,0.0,0.0,0,0,0,0,1,0,0,0,0,0,0,1.0,79.0,0,0,0.0,0.0,0.0,0.0,0.0,0.0,0.0,0.0,0.0,0.0,0.0,0.0,0.0,0.0,79.0,79.0,0,1,1,79,79
192.168.43.203,192.168.43.96,38556,53,17,2022-09-19 11:38:37,4111.051559448242,37946.49562141159,486.49353360784085,243.24676680392042,243.24676680392042,1,1,78,78,78.0,78.0,78.0,0.0,78.0,78.0,78.0,0.0,78,78,78.0,0.0,0.0,8,8,8,1,0.0,0.0,0.0,0.0,0,0.0,0.0,0.0,0.0,0.0,0.0,0.0,0.0,0.0,0,0,0,0,1,0,0,0,0,0,0,1.0,78.0,0,0,0.0,0.0,0.0,0.0,0.0,0.0,0.0,0.0,0.0,0.0,0.0,0.0,0.0,0.0,78.0,78.0,0,1,1,78,78
192.168.43.203,192.168.43.96,55759,53,17,2022-09-19 11:38:37,2674.8180389404297,59069.438630894016,747.7144130492914,373.8572065246457,373.8572065246457,1,1,79,79,79.0,79.0,79.0,0.0,79.0,79.0,79.0,0.0,79,79,79.0,0.0,0.0,8,8,8,1,0.0,0.0,0.0,0.0,0,0.0,0.0,0.0,0.0,0.0,0.0,0.0,0.0,0.0,0,0,0,0,1,0,0,0,0,0,0,1.0,79.0,0,0,0.0,0.0,0.0,0.0,0.0,0.0,0.0,0.0,0.0,0.0,0.0,0.0,0.0,0.0,79.0,79.0,0,1,1,79,79
192.168.43.203,75.2.88.188,33658,443,6,2022-09-19 11:37:51,57253098.96469116,416.55387099147305,1.467169489843756,0.733584744921878,0.733584744921878,42,42,12895,10954,1186.0,66.0,307.0238095238095,354.7517903639669,916.0,66.0,260.8095238095238,331.01713652196594,1186,66,283.9166666666667,343.8670219283048,118244.52876984126,840,840,20,23,689796.0657096771,21935066.46156311,-25.510787963867188,2847284.66786998,57253098.96469116,21935066.46156311,25.033950805664062,1396417.0479192967,3938000.6598594314,57162820.81604004,22006616.592407227,0.2384185791015625,1394215.1418546352,3952534.3631682117,0,0,0,0,1,0,0,0,0,0,0,1.0,283.9166666666667,501,2016,21934982.538223267,201.94053649902344,1774855.8968305588,4370864.291635064,21935039.99710083,9747.982025146484,1677584.6060584574,4258584.230480423,1774.0,4.0,1606.0,4.0,13360.366327122421,4777.423320680636,307.0238095238095,260.8095238095238,0,42,42,12895,10954
192.168.43.203,142.250.181.14,54012,443,17,2022-09-19 11:37:57,50986391.54434204,293.313559697471,1.19639766911038,0.529553066655414,0.6668446024549658,27,34,8318,6637,1399.0,73.0,308.0740740740741,313.8105026127529,1399.0,70.0,195.2058823529412,320.74827764534723,1399,70,245.1639344262295,322.6045734803243,104073.71083042194,216,272,8,27,849773.1924057007,22162248.134613037,0.7152557373046875,3327051.5399570805,50881124.25804138,22260580.30128479,285.6254577636719,1956966.3176169763,4875249.535880007,50884488.582611084,22225636.48223877,0.7152557373046875,1541954.1994730632,4389487.671889568,0,0,0,0,1,0,0,0,0,0,0,1.2592592592592593,245.1639344262295,0,0,22161590.576171875,31838.655471801758,4472498.286854137,6655321.980494965,22063915.967941284,7339.715957641602,2241034.0200770986,5165281.5693264175,0.0,0.0,3746.0,5.0,0.0,41217.7138659783,308.0740740740741,195.2058823529412,0,27,34,8318,6637
172.217.19.16,192.168.43.203,443,41798,17,2022-09-19 11:37:59,53122806.07223511,15901.475514138978,15.548877423320318,11.539300073238929,4.00957735008139,613,213,826507,18224,1399.0,71.0,1348.2985318107667,217.99027309921541,615.0,71.0,85.55868544600939,72.46584160286083,1399,71,1022.6767554479419,584.6076235211625,341766.07347906125,4904,1704,8,613,64391.28008755771,13139546.871185303,0.0,873270.061517765,53122606.75430298,13214982.748031616,0.0,86801.64502337087,1020422.437545819,53121768.71299744,13139546.871185303,81.53915405273438,250574.38072168603,1709167.1381236105,0,0,0,0,1,0,0,0,0,0,0,0.3474714518760196,1022.6767554479419,0,0,13118312.358856201,482.5592041015625,1331643.8564887415,3793541.6708456846,13139076.948165894,5228.0426025390625,1298569.1666603088,3758264.7432778017,9014.394736842105,6.894736842105263,0.0,0.0,1704559.8828403433,0.0,1348.2985318107667,85.55868544600939,0,613,213,826507,18224
35.186.228.49,192.168.43.203,443,55854,6,2022-09-19 11:38:08,53324918.74694824,12826.948752531287,23.028633307955634,11.79561103477532,11.233022273180312,629,599,300368,383628,2818.0,66.0,477.53259141494436,723.5405688834267,1442.0,66.0,640.4474123539233,626.2447425875229,2818,66,557.0,682.7021612990143,466082.2410423453,12580,11980,20,364,43453.97008757525,9507350.92163086,-262.7372741699219,466370.8521690646,53324918.74694824,9587116.479873657,0.0,84912.29099832523,655142.3039214212,53178251.98173523,9589972.496032715,1.9073486328125,88926.84277882146,672923.882261247,0,0,0,0,1,0,0,0,0,0,0,0.9523052464228935,557.0,1050,8407,9507340.431213379,125.885009765625,359205.8783727335,1333656.8397759658,9424729.347229004,5160.331726074219,298790.4408398797,1209116.0431102929,5963.071428571428,8.380952380952381,15578.727272727272,16.454545454545453,165401.38632303412,101622.80083016239,477.53259141494436,640.4474123539233,0,629,599,300368,383628
34.117.46.154,192.168.43.203,443,52815,17,2022-09-19 11:38:10,42994624.376297,385.39701742655683,1.7676628439600677,0.8140552570868733,0.9536075868731944,35,41,3128,13442,131.0,70.0,89.37142857142857,25.94729351620948,1399.0,74.0,327.8536585365854,491.2535762161449,1399,70,218.02631578947367,380.30396339065027,144631.10457063708,280,328,8,35,573261.6583506266,11493643.760681152,0.476837158203125,1928881.522109276,42994624.376297,11575281.858444214,0.476837158203125,1264547.7757734412,2739945.722486401,42897065.40107727,11567927.837371826,47.92213439941406,1072426.6350269318,2563937.7895521657,0,0,0,0,1,0,0,0,0,0,0,1.1714285714285715,218.02631578947367,0,0,11472110.748291016,19380.807876586914,1799461.8623153022,3149524.9553412185,11419359.683990479,16499.042510986328,1011235.237121582,2500972.4477298292,0.0,0.0,0.0,0.0,0.0,0.0,89.37142857142857,327.8536585365854,0,35,41,3128,13442
192.168.43.203,35.186.194.58,38120,443,17,2022-09-19 11:38:14,100957949.39994812,2526.447907430765,3.1300160302202253,2.307891566586432,0.8221244636337933,233,83,247917,7148,1399.0,71.0,1064.0214592274679,546.3406980427001,144.0,70.0,86.12048192771084,29.45014066706498,1399,70,807.1677215189874,636.8039513872409,405519.2725024034,1864,664,8,233,320501.42666650197,19643404.006958008,14.066696166992188,1758990.6328733945,100957949.39994812,19643404.006958008,25.987625122070312,435163.5749997764,2048373.8053846,100940943.71795654,19750874.757766724,1678.2283782958984,1230987.1185116651,3312608.60977558,0,0,0,0,1,0,0,0,0,0,0,0.3562231759656652,807.1677215189874,0,0,19643321.27571106,38.14697265625,1668000.3586461989,3775483.5636481214,19643101.453781128,7032.155990600586,1121114.657683806,3173358.6264792485,11213.842105263158,8.894736842105264,112.0,4.0,518251.1258688011,909.1846057075394,1064.0214592274679,86.12048192771084,0,233,83,247917,7148
192.168.43.203,35.186.228.49,55868,443,6,2022-09-19 11:38:21,40081154.82330322,212.71842185153247,1.9710010938624285,0.8482789517888932,1.1227221420735352,34,45,4134,4392,210.0,66.0,121.58823529411765,30.23060160427512,220.0,66.0,97.6,45.744896497375045,220,66,107.92405063291139,41.54965677991915,1726.3739785290813,680,900,20,29,513860.95927311823,13913629.531860352,0.0,2181037.7737857243,40011670.11260986,13937953.233718872,264.16778564453125,1212474.8518972686,3252755.621827849,39990067.95883179,14011833.667755127,0.0,908865.1808825406,2866760.615635858,0,0,0,0,1,0,0,0,0,0,0,1.3235294117647058,107.92405063291139,501,297,13909407.615661621,8386.13510131836,2067010.3022926732,4040580.8468282344,13889305.830001831,8385.896682739258,1571638.765335083,3600195.3973521595,480.0,6.666666666666667,457.0,4.0,3385.3983329157495,2627.8983332944886,121.58823529411765,97.6,0,34,45,4134,4392
192.168.43.203,192.168.43.96,58317,53,17,2022-09-19 11:38:38,5003.929138183594,31175.501429388223,399.68591576138743,199.84295788069372,199.84295788069372,1,1,78,78,78.0,78.0,78.0,0.0,78.0,78.0,78.0,0.0,78,78,78.0,0.0,0.0,8,8,8,1,0.0,0.0,0.0,0.0,0,0.0,0.0,0.0,0.0,0.0,0.0,0.0,0.0,0.0,0,0,0,0,1,0,0,0,0,0,0,1.0,78.0,0,0,0.0,0.0,0.0,0.0,0.0,0.0,0.0,0.0,0.0,0.0,0.0,0.0,0.0,0.0,78.0,78.0,0,1,1,78,78
192.168.43.203,192.168.43.96,48420,53,17,2022-09-19 11:38:38,5062.580108642578,30814.327211076576,395.0554770650843,197.52773853254214,197.52773853254214,1,1,78,78,78.0,78.0,78.0,0.0,78.0,78.0,78.0,0.0,78,78,78.0,0.0,0.0,8,8,8,1,0.0,0.0,0.0,0.0,0,0.0,0.0,0.0,0.0,0.0,0.0,0.0,0.0,0.0,0,0,0,0,1,0,0,0,0,0,0,1.0,78.0,0,0,0.0,0.0,0.0,0.0,0.0,0.0,0.0,0.0,0.0,0.0,0.0,0.0,0.0,0.0,78.0,78.0,0,1,1,78,78
192.168.43.203,192.168.43.96,58641,53,17,2022-09-19 11:38:38,1935.0051879882812,78552.7609659931,1033.5889600788566,516.7944800394283,516.7944800394283,1,1,76,76,76.0,76.0,76.0,0.0,76.0,76.0,76.0,0.0,76,76,76.0,0.0,0.0,8,8,8,1,0.0,0.0,0.0,0.0,0,0.0,0.0,0.0,0.0,0.0,0.0,0.0,0.0,0.0,0,0,0,0,1,0,0,0,0,0,0,1.0,76.0,0,0,0.0,0.0,0.0,0.0,0.0,0.0,0.0,0.0,0.0,0.0,0.0,0.0,0.0,0.0,76.0,76.0,0,1,1,76,76
192.168.43.203,192.168.43.96,45079,53,17,2022-09-19 11:38:38,2278.0895233154297,66722.57540554683,877.9286237571952,438.9643118785976,438.9643118785976,1,1,76,76,76.0,76.0,76.0,0.0,76.0,76.0,76.0,0.0,76,76,76.0,0.0,0.0,8,8,8,1,0.0,0.0,0.0,0.0,0,0.0,0.0,0.0,0.0,0.0,0.0,0.0,0.0,0.0,0,0,0,0,1,0,0,0,0,0,0,1.0,76.0,0,0,0.0,0.0,0.0,0.0,0.0,0.0,0.0,0.0,0.0,0.0,0.0,0.0,0.0,0.0,76.0,76.0,0,1,1,76,76
192.168.43.203,192.168.43.96,54215,53,17,2022-09-19 11:38:43,5294.7998046875,28707.4121037464,377.72910662824205,188.86455331412103,188.86455331412103,1,1,76,76,76.0,76.0,76.0,0.0,76.0,76.0,76.0,0.0,76,76,76.0,0.0,0.0,8,8,8,1,0.0,0.0,0.0,0.0,0,0.0,0.0,0.0,0.0,0.0,0.0,0.0,0.0,0.0,0,0,0,0,1,0,0,0,0,0,0,1.0,76.0,0,0,0.0,0.0,0.0,0.0,0.0,0.0,0.0,0.0,0.0,0.0,0.0,0.0,0.0,0.0,76.0,76.0,0,1,1,76,76
192.168.43.203,192.168.43.96,37423,53,17,2022-09-19 11:38:43,2984.285354614258,50933.46712471039,670.1771990093473,335.08859950467365,335.08859950467365,1,1,76,76,76.0,76.0,76.0,0.0,76.0,76.0,76.0,0.0,76,76,76.0,0.0,0.0,8,8,8,1,0.0,0.0,0.0,0.0,0,0.0,0.0,0.0,0.0,0.0,0.0,0.0,0.0,0.0,0,0,0,0,1,0,0,0,0,0,0,1.0,76.0,0,0,0.0,0.0,0.0,0.0,0.0,0.0,0.0,0.0,0.0,0.0,0.0,0.0,0.0,0.0,76.0,76.0,0,1,1,76,76
192.168.43.203,192.168.43.96,34631,53,17,2022-09-19 11:38:44,34611.22512817383,7974.291547840463,57.784721361162774,28.892360680581387,28.892360680581387,1,1,74,202,74.0,74.0,74.0,0.0,202.0,202.0,202.0,0.0,202,74,138.0,64.0,4096.0,8,8,8,1,0.0,0.0,0.0,0.0,0,0.0,0.0,0.0,0.0,0.0,0.0,0.0,0.0,0.0,0,0,0,0,1,0,0,0,0,0,0,1.0,138.0,0,0,0.0,0.0,0.0,0.0,0.0,0.0,0.0,0.0,0.0,0.0,0.0,0.0,0.0,0.0,74.0,202.0,0,1,1,74,202
192.168.43.203,192.168.43.96,55996,53,17,2022-09-19 11:38:44,4981.756210327148,29708.398755683178,401.4648480497727,200.73242402488634,200.73242402488634,1,1,74,74,74.0,74.0,74.0,0.0,74.0,74.0,74.0,0.0,74,74,74.0,0.0,0.0,8,8,8,1,0.0,0.0,0.0,0.0,0,0.0,0.0,0.0,0.0,0.0,0.0,0.0,0.0,0.0,0,0,0,0,1,0,0,0,0,0,0,1.0,74.0,0,0,0.0,0.0,0.0,0.0,0.0,0.0,0.0,0.0,0.0,0.0,0.0,0.0,0.0,0.0,74.0,74.0,0,1,1,74,74
192.168.43.203,192.168.43.96,50500,53,17,2022-09-19 11:38:46,69361.44828796387,2768.108289822393,28.83446135231659,14.417230676158296,14.417230676158296,1,1,88,104,88.0,88.0,88.0,0.0,104.0,104.0,104.0,0.0,104,88,96.0,8.0,64.0,8,8,8,1,0.0,0.0,0.0,0.0,0,0.0,0.0,0.0,0.0,0.0,0.0,0.0,0.0,0.0,0,0,0,0,1,0,0,0,0,0,0,1.0,96.0,0,0,0.0,0.0,0.0,0.0,0.0,0.0,0.0,0.0,0.0,0.0,0.0,0.0,0.0,0.0,88.0,104.0,0,1,1,88,104
192.168.43.203,192.168.43.96,60012,53,17,2022-09-19 11:38:46,27972.45979309082,9187.608165352653,71.49889622842531,35.749448114212655,35.749448114212655,1,1,88,169,88.0,88.0,88.0,0.0,169.0,169.0,169.0,0.0,169,88,128.5,40.5,1640.25,8,8,8,1,0.0,0.0,0.0,0.0,0,0.0,0.0,0.0,0.0,0.0,0.0,0.0,0.0,0.0,0,0,0,0,1,0,0,0,0,0,0,1.0,128.5,0,0,0.0,0.0,0.0,0.0,0.0,0.0,0.0,0.0,0.0,0.0,0.0,0.0,0.0,0.0,88.0,169.0,0,1,1,88,169
192.168.43.203,34.117.237.239,52572,443,6,2022-09-19 11:38:46,719049.4537353516,6441.837867948401,37.549573064466074,19.470148996389813,18.079424068076257,14,13,2706,1926,1302.0,66.0,193.28571428571428,315.229038857107,652.0,66.0,148.15384615384616,157.51573604117056,1302,66,171.55555555555554,252.94170508802912,63979.506172839494,280,260,20,6,27648.403094365047,153731.5845489502,-185.48965454101562,47615.51863590644,655629.6348571777,230542.65975952148,8.58306884765625,50433.048835167516,82960.4239896219,632170.2003479004,153731.5845489502,0.0,52680.8500289917,57445.7069674774,0,0,0,0,1,0,0,0,0,0,0,0.9285714285714286,171.55555555555554,64240,285,153703.6895751953,82359.31396484375,119032.74059295654,29687.69518093274,101409.912109375,57847.26142883301,77078.68303571429,13570.618278287162,0.0,0.0,0.0,0.0,0.0,0.0,193.28571428571428,148.15384615384616,0,14,13,2706,1926
192.168.43.203,192.168.43.96,48247,53,17,2022-09-19 11:38:48,2069.9501037597656,75364.13545266067,966.206864777701,483.1034323888505,483.1034323888505,1,1,78,78,78.0,78.0,78.0,0.0,78.0,78.0,78.0,0.0,78,78,78.0,0.0,0.0,8,8,8,1,0.0,0.0,0.0,0.0,0,0.0,0.0,0.0,0.0,0.0,0.0,0.0,0.0,0.0,0,0,0,0,1,0,0,0,0,0,0,1.0,78.0,0,0,0.0,0.0,0.0,0.0,0.0,0.0,0.0,0.0,0.0,0.0,0.0,0.0,0.0,0.0,78.0,78.0,0,1,1,78,78
192.168.43.203,192.168.43.96,34647,53,17,2022-09-19 11:38:48,2320.0511932373047,68101.9455348885,862.0499434796013,431.02497173980066,431.02497173980066,1,1,79,79,79.0,79.0,79.0,0.0,79.0,79.0,79.0,0.0,79,79,79.0,0.0,0.0,8,8,8,1,0.0,0.0,0.0,0.0,0,0.0,0.0,0.0,0.0,0.0,0.0,0.0,0.0,0.0,0,0,0,0,1,0,0,0,0,0,0,1.0,79.0,0,0,0.0,0.0,0.0,0.0,0.0,0.0,0.0,0.0,0.0,0.0,0.0,0.0,0.0,0.0,79.0,79.0,0,1,1,79,79
192.168.43.203,192.168.43.96,41518,53,17,2022-09-19 11:38:48,1638.4124755859375,95214.1187427241,1220.6938300349243,610.3469150174622,610.3469150174622,1,1,78,78,78.0,78.0,78.0,0.0,78.0,78.0,78.0,0.0,78,78,78.0,0.0,0.0,8,8,8,1,0.0,0.0,0.0,0.0,0,0.0,0.0,0.0,0.0,0.0,0.0,0.0,0.0,0.0,0,0,0,0,1,0,0,0,0,0,0,1.0,78.0,0,0,0.0,0.0,0.0,0.0,0.0,0.0,0.0,0.0,0.0,0.0,0.0,0.0,0.0,0.0,78.0,78.0,0,1,1,78,78
192.168.43.203,192.168.43.96,45552,53,17,2022-09-19 11:38:48,2052.0687103271484,76995.47252236551,974.626234460323,487.3131172301615,487.3131172301615,1,1,79,79,79.0,79.0,79.0,0.0,79.0,79.0,79.0,0.0,79,79,79.0,0.0,0.0,8,8,8,1,0.0,0.0,0.0,0.0,0,0.0,0.0,0.0,0.0,0.0,0.0,0.0,0.0,0.0,0,0,0,0,1,0,0,0,0,0,0,1.0,79.0,0,0,0.0,0.0,0.0,0.0,0.0,0.0,0.0,0.0,0.0,0.0,0.0,0.0,0.0,0.0,79.0,79.0,0,1,1,79,79
192.168.43.203,192.168.43.96,33531,53,17,2022-09-19 11:38:48,3002.166748046875,51962.470139771285,666.1855146124524,333.0927573062262,333.0927573062262,1,1,78,78,78.0,78.0,78.0,0.0,78.0,78.0,78.0,0.0,78,78,78.0,0.0,0.0,8,8,8,1,0.0,0.0,0.0,0.0,0,0.0,0.0,0.0,0.0,0.0,0.0,0.0,0.0,0.0,0,0,0,0,1,0,0,0,0,0,0,1.0,78.0,0,0,0.0,0.0,0.0,0.0,0.0,0.0,0.0,0.0,0.0,0.0,0.0,0.0,0.0,0.0,78.0,78.0,0,1,1,78,78
192.168.43.203,192.168.43.96,37268,53,17,2022-09-19 11:38:48,1806.7359924316406,87450.51887041435,1106.9685932963844,553.4842966481922,553.4842966481922,1,1,79,79,79.0,79.0,79.0,0.0,79.0,79.0,79.0,0.0,79,79,79.0,0.0,0.0,8,8,8,1,0.0,0.0,0.0,0.0,0,0.0,0.0,0.0,0.0,0.0,0.0,0.0,0.0,0.0,0,0,0,0,1,0,0,0,0,0,0,1.0,79.0,0,0,0.0,0.0,0.0,0.0,0.0,0.0,0.0,0.0,0.0,0.0,0.0,0.0,0.0,0.0,79.0,79.0,0,1,1,79,79
192.168.43.203,192.168.43.96,50281,53,17,2022-09-19 11:38:48,1599.7886657714844,97512.87988077497,1250.165126676602,625.082563338301,625.082563338301,1,1,78,78,78.0,78.0,78.0,0.0,78.0,78.0,78.0,0.0,78,78,78.0,0.0,0.0,8,8,8,1,0.0,0.0,0.0,0.0,0,0.0,0.0,0.0,0.0,0.0,0.0,0.0,0.0,0.0,0,0,0,0,1,0,0,0,0,0,0,1.0,78.0,0,0,0.0,0.0,0.0,0.0,0.0,0.0,0.0,0.0,0.0,0.0,0.0,0.0,0.0,0.0,78.0,78.0,0,1,1,78,78
192.168.43.203,192.168.43.96,54369,53,17,2022-09-19 11:38:48,2090.6925201416016,75573.04504504504,956.6208233550005,478.31041167750027,478.31041167750027,1,1,79,79,79.0,79.0,79.0,0.0,79.0,79.0,79.0,0.0,79,79,79.0,0.0,0.0,8,8,8,1,0.0,0.0,0.0,0.0,0,0.0,0.0,0.0,0.0,0.0,0.0,0.0,0.0,0.0,0,0,0,0,1,0,0,0,0,0,0,1.0,79.0,0,0,0.0,0.0,0.0,0.0,0.0,0.0,0.0,0.0,0.0,0.0,0.0,0.0,0.0,0.0,79.0,79.0,0,1,1,79,79
192.168.43.203,192.168.43.96,52699,53,17,2022-09-19 11:38:48,2099.752426147461,72389.48654479391,952.4932440104462,476.2466220052231,476.2466220052231,1,1,76,76,76.0,76.0,76.0,0.0,76.0,76.0,76.0,0.0,76,76,76.0,0.0,0.0,8,8,8,1,0.0,0.0,0.0,0.0,0,0.0,0.0,0.0,0.0,0.0,0.0,0.0,0.0,0.0,0,0,0,0,1,0,0,0,0,0,0,1.0,76.0,0,0,0.0,0.0,0.0,0.0,0.0,0.0,0.0,0.0,0.0,0.0,0.0,0.0,0.0,0.0,76.0,76.0,0,1,1,76,76
192.168.43.203,192.168.43.96,40382,53,17,2022-09-19 11:38:48,1658.9164733886719,91626.07185972981,1205.6062086806553,602.8031043403276,602.8031043403276,1,1,76,76,76.0,76.0,76.0,0.0,76.0,76.0,76.0,0.0,76,76,76.0,0.0,0.0,8,8,8,1,0.0,0.0,0.0,0.0,0,0.0,0.0,0.0,0.0,0.0,0.0,0.0,0.0,0.0,0,0,0,0,1,0,0,0,0,0,0,1.0,76.0,0,0,0.0,0.0,0.0,0.0,0.0,0.0,0.0,0.0,0.0,0.0,0.0,0.0,0.0,0.0,76.0,76.0,0,1,1,76,76
192.168.43.203,192.168.43.96,53182,53,17,2022-09-19 11:38:51,49711.46583557129,4485.886631016043,40.232167094314285,20.116083547157142,20.116083547157142,1,1,72,151,72.0,72.0,72.0,0.0,151.0,151.0,151.0,0.0,151,72,111.5,39.5,1560.25,8,8,8,1,0.0,0.0,0.0,0.0,0,0.0,0.0,0.0,0.0,0.0,0.0,0.0,0.0,0.0,0,0,0,0,1,0,0,0,0,0,0,1.0,111.5,0,0,0.0,0.0,0.0,0.0,0.0,0.0,0.0,0.0,0.0,0.0,0.0,0.0,0.0,0.0,72.0,151.0,0,1,1,72,151
192.168.43.203,192.168.43.96,33466,53,17,2022-09-19 11:38:51,1167.29736328125,186756.18300653595,1713.359477124183,856.6797385620915,856.6797385620915,1,1,109,109,109.0,109.0,109.0,0.0,109.0,109.0,109.0,0.0,109,109,109.0,0.0,0.0,8,8,8,1,0.0,0.0,0.0,0.0,0,0.0,0.0,0.0,0.0,0.0,0.0,0.0,0.0,0.0,0,0,0,0,1,0,0,0,0,0,0,1.0,109.0,0,0,0.0,0.0,0.0,0.0,0.0,0.0,0.0,0.0,0.0,0.0,0.0,0.0,0.0,0.0,109.0,109.0,0,1,1,109,109
192.168.43.203,192.168.43.96,41204,53,17,2022-09-19 11:38:51,2597.808837890625,60050.60792951542,769.8795888399412,384.9397944199706,384.9397944199706,1,1,78,78,78.0,78.0,78.0,0.0,78.0,78.0,78.0,0.0,78,78,78.0,0.0,0.0,8,8,8,1,0.0,0.0,0.0,0.0,0,0.0,0.0,0.0,0.0,0.0,0.0,0.0,0.0,0.0,0,0,0,0,1,0,0,0,0,0,0,1.0,78.0,0,0,0.0,0.0,0.0,0.0,0.0,0.0,0.0,0.0,0.0,0.0,0.0,0.0,0.0,0.0,78.0,78.0,0,1,1,78,78
192.168.43.203,192.168.43.96,51808,53,17,2022-09-19 11:38:52,1958.3702087402344,79658.07450693937,1021.2573654735817,510.62868273679084,510.62868273679084,1,1,78,78,78.0,78.0,78.0,0.0,78.0,78.0,78.0,0.0,78,78,78.0,0.0,0.0,8,8,8,1,0.0,0.0,0.0,0.0,0,0.0,0.0,0.0,0.0,0.0,0.0,0.0,0.0,0.0,0,0,0,0,1,0,0,0,0,0,0,1.0,78.0,0,0,0.0,0.0,0.0,0.0,0.0,0.0,0.0,0.0,0.0,0.0,0.0,0.0,0.0,0.0,78.0,78.0,0,1,1,78,78
192.168.43.203,192.168.43.96,43290,53,17,2022-09-19 11:38:53,3153.3241271972656,48203.100559504004,634.2513231513685,317.12566157568426,317.12566157568426,1,1,76,76,76.0,76.0,76.0,0.0,76.0,76.0,76.0,0.0,76,76,76.0,0.0,0.0,8,8,8,1,0.0,0.0,0.0,0.0,0,0.0,0.0,0.0,0.0,0.0,0.0,0.0,0.0,0.0,0,0,0,0,1,0,0,0,0,0,0,1.0,76.0,0,0,0.0,0.0,0.0,0.0,0.0,0.0,0.0,0.0,0.0,0.0,0.0,0.0,0.0,0.0,76.0,76.0,0,1,1,76,76
192.168.43.203,142.250.181.3,35332,443,6,2022-09-19 11:38:57,75329.54216003418,4540.0514883448595,53.10001740754221,26.550008703771105,26.550008703771105,2,2,171,171,105.0,66.0,85.5,19.5,105.0,66.0,85.5,19.5,105,66,85.5,19.5,380.25,40,40,20,1,25109.84738667806,73798.41804504395,6.4373016357421875,34433.59749780219,0,0.0,0.0,0.0,0.0,0.0,0.0,0.0,0.0,0.0,0,0,0,0,1,0,0,0,0,0,0,1.0,85.5,501,276,0.0,0.0,0.0,0.0,0.0,0.0,0.0,0.0,0.0,0.0,0.0,0.0,0.0,0.0,85.5,85.5,0,2,2,171,171
192.168.43.203,173.194.76.155,40212,443,6,2022-09-19 11:38:57,278345.10803222656,991.5748185811296,10.77798715849054,7.185324772327027,3.5926623861635134,2,1,171,105,105.0,66.0,85.5,19.5,105.0,105.0,105.0,0.0,105,66,92.0,18.384776310850235,338.0,40,20,20,1,139172.55401611328,278278.112411499,66.99562072753906,139105.55839538574,0,0.0,0.0,0.0,0.0,0.0,0.0,0.0,0.0,0.0,0,0,0,0,1,0,0,0,0,0,0,0.5,92.0,501,276,0.0,0.0,0.0,0.0,0.0,0.0,0.0,0.0,0.0,0.0,0.0,0.0,0.0,0.0,85.5,105.0,0,2,1,171,105
192.168.43.203,216.58.208.228,56112,443,6,2022-09-19 11:38:57,74922.80006408691,4564.6985925173985,53.38828763178244,26.69414381589122,26.69414381589122,2,2,171,171,105.0,66.0,85.5,19.5,105.0,66.0,85.5,19.5,105,66,85.5,19.5,380.25,40,40,20,1,24974.266688028973,73749.78065490723,23.603439331054688,34492.55896096354,0,0.0,0.0,0.0,0.0,0.0,0.0,0.0,0.0,0.0,0,0,0,0,1,0,0,0,0,0,0,1.0,85.5,501,276,0.0,0.0,0.0,0.0,0.0,0.0,0.0,0.0,0.0,0.0,0.0,0.0,0.0,0.0,85.5,85.5,0,2,2,171,171
192.168.43.203,142.250.181.14,41182,443,6,2022-09-19 11:38:57,75133.08525085449,4551.92274958668,53.23886256826526,26.61943128413263,26.61943128413263,2,2,171,171,105.0,66.0,85.5,19.5,105.0,66.0,85.5,19.5,105,66,85.5,19.5,380.25,40,40,20,1,25044.361750284832,75109.72023010254,0.0,35401.555768690356,0,0.0,0.0,0.0,0.0,0.0,0.0,0.0,0.0,0.0,0,0,0,0,1,0,0,0,0,0,0,1.0,85.5,501,267,0.0,0.0,0.0,0.0,0.0,0.0,0.0,0.0,0.0,0.0,0.0,0.0,0.0,0.0,85.5,85.5,0,2,2,171,171
192.168.43.203,34.237.73.95,39456,443,6,2022-09-19 11:38:58,302625.6561279297,2897.9697598053735,13.2176499877098,6.6088249938549,6.6088249938549,2,2,420,457,354.0,66.0,210.0,144.0,391.0,66.0,228.5,162.5,391,66,219.25,153.80730639342204,23656.6875,40,40,20,1,100875.21870930989,302529.81185913086,0.476837158203125,142591.33553590858,0,0.0,0.0,0.0,0.0,0.0,0.0,0.0,0.0,0.0,0,0,0,0,1,0,0,0,0,0,0,1.0,219.25,501,216,0.0,0.0,0.0,0.0,0.0,0.0,0.0,0.0,0.0,0.0,0.0,0.0,0.0,0.0,210.0,228.5,0,2,2,420,457
192.168.43.203,192.168.43.96,59891,53,17,2022-09-19 11:39:00,2886.7721557617188,49882.703666997026,692.815328708292,346.407664354146,346.407664354146,1,1,72,72,72.0,72.0,72.0,0.0,72.0,72.0,72.0,0.0,72,72,72.0,0.0,0.0,8,8,8,1,0.0,0.0,0.0,0.0,0,0.0,0.0,0.0,0.0,0.0,0.0,0.0,0.0,0.0,0,0,0,0,1,0,0,0,0,0,0,1.0,72.0,0,0,0.0,0.0,0.0,0.0,0.0,0.0,0.0,0.0,0.0,0.0,0.0,0.0,0.0,0.0,72.0,72.0,0,1,1,72,72
192.168.43.203,192.168.43.96,56986,53,17,2022-09-19 11:39:01,238022.8042602539,773.0351743894865,8.402556243363984,4.201278121681992,4.201278121681992,1,1,84,100,84.0,84.0,84.0,0.0,100.0,100.0,100.0,0.0,100,84,92.0,8.0,64.0,8,8,8,1,0.0,0.0,0.0,0.0,0,0.0,0.0,0.0,0.0,0.0,0.0,0.0,0.0,0.0,0,0,0,0,1,0,0,0,0,0,0,1.0,92.0,0,0,0.0,0.0,0.0,0.0,0.0,0.0,0.0,0.0,0.0,0.0,0.0,0.0,0.0,0.0,84.0,100.0,0,1,1,84,100
192.168.43.203,192.168.43.96,33335,53,17,2022-09-19 11:39:01,2686.2621307373047,62540.434188337626,744.5289784325907,372.2644892162954,372.2644892162954,1,1,84,84,84.0,84.0,84.0,0.0,84.0,84.0,84.0,0.0,84,84,84.0,0.0,0.0,8,8,8,1,0.0,0.0,0.0,0.0,0,0.0,0.0,0.0,0.0,0.0,0.0,0.0,0.0,0.0,0,0,0,0,1,0,0,0,0,0,0,1.0,84.0,0,0,0.0,0.0,0.0,0.0,0.0,0.0,0.0,0.0,0.0,0.0,0.0,0.0,0.0,0.0,84.0,84.0,0,1,1,84,84
192.168.43.203,34.120.195.249,48268,443,6,2022-09-19 11:39:01,441761.73210144043,7841.331080267885,38.48228301517149,20.372973360973145,18.10930965419835,9,8,2099,1365,1298.0,66.0,233.22222222222223,380.08413623470784,652.0,66.0,170.625,194.22727505425183,1298,66,203.76470588235293,308.56070608967786,95209.70934256056,180,160,20,4,27610.108256340027,117574.69177246094,0.2384185791015625,40549.32636123895,360873.4607696533,193597.79357910156,397.2053527832031,45109.182596206665,65211.861037376504,362111.09161376953,117574.69177246094,0.2384185791015625,51730.15594482422,45473.82836992655,0,0,0,0,1,0,0,0,0,0,0,0.8888888888888888,203.76470588235293,64240,276,116998.67248535156,75517.65441894531,89858.61142476399,19201.241512117234,80491.0659790039,41636.70539855957,70092.82112121582,14548.07683029485,0.0,0.0,0.0,0.0,0.0,0.0,233.22222222222223,170.625,0,9,8,2099,1365
192.168.43.203,34.120.195.249,58093,443,17,2022-09-19 11:39:01,548716.3066864014,11767.465120533152,27.336530402353613,12.757047521098352,14.57948288125526,7,8,2466,3991,1399.0,73.0,352.2857142857143,454.95422510267514,1399.0,70.0,498.875,541.3597319481751,1399,70,430.46666666666664,508.1777729189746,258244.6488888889,56,64,8,7,39194.021906171525,114804.26788330078,0.476837158203125,40224.723722636016,463944.1967010498,206074.47624206543,1710.8917236328125,77324.0327835083,66212.29891374576,433912.0388031006,119844.19822692871,0.476837158203125,61987.434114728654,42284.88168439565,0,0,0,0,1,0,0,0,0,0,0,1.1428571428571428,430.46666666666664,0,0,113093.37615966797,777.2445678710938,68496.88291549683,43172.01237103994,114804.26788330078,18313.169479370117,59793.27360788981,33592.300058780806,0.0,0.0,0.0,0.0,0.0,0.0,352.2857142857143,498.875,0,7,8,2466,3991
192.168.43.203,192.168.43.96,52690,53,17,2022-09-19 11:39:04,355876.4457702637,601.3322953611487,5.619927994029426,2.809963997014713,2.809963997014713,1,1,99,115,99.0,99.0,99.0,0.0,115.0,115.0,115.0,0.0,115,99,107.0,8.0,64.0,8,8,8,1,0.0,0.0,0.0,0.0,0,0.0,0.0,0.0,0.0,0.0,0.0,0.0,0.0,0.0,0,0,0,0,1,0,0,0,0,0,0,1.0,107.0,0,0,0.0,0.0,0.0,0.0,0.0,0.0,0.0,0.0,0.0,0.0,0.0,0.0,0.0,0.0,99.0,115.0,0,1,1,99,115
192.168.43.203,192.168.43.96,56573,53,17,2022-09-19 11:39:04,355374.5746612549,818.8543040181839,5.62786463242738,2.81393231621369,2.81393231621369,1,1,99,192,99.0,99.0,99.0,0.0,192.0,192.0,192.0,0.0,192,99,145.5,46.5,2162.25,8,8,8,1,0.0,0.0,0.0,0.0,0,0.0,0.0,0.0,0.0,0.0,0.0,0.0,0.0,0.0,0,0,0,0,1,0,0,0,0,0,0,1.0,145.5,0,0,0.0,0.0,0.0,0.0,0.0,0.0,0.0,0.0,0.0,0.0,0.0,0.0,0.0,0.0,99.0,192.0,0,1,1,99,192
192.168.43.203,192.168.43.96,38229,53,17,2022-09-19 11:39:04,4873.2757568359375,31190.518982387475,410.40156555772995,205.20078277886498,205.20078277886498,1,1,76,76,76.0,76.0,76.0,0.0,76.0,76.0,76.0,0.0,76,76,76.0,0.0,0.0,8,8,8,1,0.0,0.0,0.0,0.0,0,0.0,0.0,0.0,0.0,0.0,0.0,0.0,0.0,0.0,0,0,0,0,1,0,0,0,0,0,0,1.0,76.0,0,0,0.0,0.0,0.0,0.0,0.0,0.0,0.0,0.0,0.0,0.0,0.0,0.0,0.0,0.0,76.0,76.0,0,1,1,76,76
192.168.43.203,192.168.43.96,57725,53,17,2022-09-19 11:39:04,1974.8210906982422,76968.99770614512,1012.7499698176989,506.37498490884946,506.37498490884946,1,1,76,76,76.0,76.0,76.0,0.0,76.0,76.0,76.0,0.0,76,76,76.0,0.0,0.0,8,8,8,1,0.0,0.0,0.0,0.0,0,0.0,0.0,0.0,0.0,0.0,0.0,0.0,0.0,0.0,0,0,0,0,1,0,0,0,0,0,0,1.0,76.0,0,0,0.0,0.0,0.0,0.0,0.0,0.0,0.0,0.0,0.0,0.0,0.0,0.0,0.0,0.0,76.0,76.0,0,1,1,76,76
192.168.43.203,192.168.43.96,58977,53,17,2022-09-19 11:39:09,4873.991012573242,31185.94178936555,410.3413393337573,205.17066966687864,205.17066966687864,1,1,76,76,76.0,76.0,76.0,0.0,76.0,76.0,76.0,0.0,76,76,76.0,0.0,0.0,8,8,8,1,0.0,0.0,0.0,0.0,0,0.0,0.0,0.0,0.0,0.0,0.0,0.0,0.0,0.0,0,0,0,0,1,0,0,0,0,0,0,1.0,76.0,0,0,0.0,0.0,0.0,0.0,0.0,0.0,0.0,0.0,0.0,0.0,0.0,0.0,0.0,0.0,76.0,76.0,0,1,1,76,76
192.168.43.203,192.168.43.96,47494,53,17,2022-09-19 11:39:15,99479.91371154785,2774.429427032779,20.10456106545492,10.05228053272746,10.05228053272746,1,1,74,202,74.0,74.0,74.0,0.0,202.0,202.0,202.0,0.0,202,74,138.0,64.0,4096.0,8,8,8,1,0.0,0.0,0.0,0.0,0,0.0,0.0,0.0,0.0,0.0,0.0,0.0,0.0,0.0,0,0,0,0,1,0,0,0,0,0,0,1.0,138.0,0,0,0.0,0.0,0.0,0.0,0.0,0.0,0.0,0.0,0.0,0.0,0.0,0.0,0.0,0.0,74.0,202.0,0,1,1,74,202
192.168.43.203,192.168.43.96,42222,53,17,2022-09-19 11:39:15,2774.7154235839844,53338.80323079567,720.7946382539956,360.3973191269978,360.3973191269978,1,1,74,74,74.0,74.0,74.0,0.0,74.0,74.0,74.0,0.0,74,74,74.0,0.0,0.0,8,8,8,1,0.0,0.0,0.0,0.0,0,0.0,0.0,0.0,0.0,0.0,0.0,0.0,0.0,0.0,0,0,0,0,1,0,0,0,0,0,0,1.0,74.0,0,0,0.0,0.0,0.0,0.0,0.0,0.0,0.0,0.0,0.0,0.0,0.0,0.0,0.0,0.0,74.0,74.0,0,1,1,74,74
192.168.43.203,40.76.174.66,38616,443,6,2022-09-19 11:38:51,28931710.00480652,4114.827639991622,7.569549119758798,3.3181585182504323,4.2513906015083665,96,123,107870,11179,1442.0,54.0,1123.6458333333333,580.7128338510399,989.0,54.0,90.88617886178862,86.24480220011588,1442,54,543.6027397260274,643.8931759950176,414598.42209295067,1920,2460,20,75,132709.98219831273,27114015.340805054,-228.40499877929688,1832230.7441068827,28931710.00480652,27114015.340805054,1.6689300537109375,304544.3158400686,2766129.9510119306,28644721.746444702,27490225.553512573,0.0,234792.8012003664,2478233.0944041987,0,0,0,0,1,0,0,0,0,0,0,1.28125,543.6027397260274,501,2049,27113959.074020386,27297.258377075195,3581297.904253006,8895360.563954873,27113878.01170349,19140.243530273438,3207640.7803429496,8452951.317035016,20243.8,14.6,1066.3333333333333,19.333333333333332,151606.61879409134,10752.005743985563,1123.6458333333333,90.88617886178862,0,96,123,107870,11179
192.168.43.203,44.239.126.203,38134,443,6,2022-09-19 11:39:15,387696.9814300537,2801.1567074734385,18.0553378934752,10.317335939128686,7.738001954346514,4,3,662,424,382.0,66.0,165.5,129.40150694640306,254.0,66.0,141.33333333333334,81.16375764807563,382,66,155.14285714285714,111.95844710226656,12534.693877551019,80,60,20,2,64603.40817769369,387510.5381011963,-76.53236389160156,144408.46741171225,387696.9814300537,387587.5473022461,52.69050598144531,129232.32714335124,182684.72813679164,0.476837158203125,0.476837158203125,0.0,0.2384185791015625,0.2384185791015625,0,0,0,0,1,0,0,0,0,0,0,0.75,155.14285714285714,501,425,0.0,0.0,0.0,0.0,0.0,0.0,0.0,0.0,0.0,0.0,0.0,0.0,0.0,0.0,165.5,141.33333333333334,0,4,3,662,424
192.168.43.203,192.168.43.96,47713,53,17,2022-09-19 11:39:19,45399.18899536133,4911.982018506654,44.05365039019421,22.026825195097103,22.026825195097103,1,1,72,151,72.0,72.0,72.0,0.0,151.0,151.0,151.0,0.0,151,72,111.5,39.5,1560.25,8,8,8,1,0.0,0.0,0.0,0.0,0,0.0,0.0,0.0,0.0,0.0,0.0,0.0,0.0,0.0,0,0,0,0,1,0,0,0,0,0,0,1.0,111.5,0,0,0.0,0.0,0.0,0.0,0.0,0.0,0.0,0.0,0.0,0.0,0.0,0.0,0.0,0.0,72.0,151.0,0,1,1,72,151
192.168.43.203,192.168.43.96,55595,53,17,2022-09-19 11:39:19,45250.654220581055,6143.557585816276,44.19825601306673,22.099128006533366,22.099128006533366,1,1,72,206,72.0,72.0,72.0,0.0,206.0,206.0,206.0,0.0,206,72,139.0,67.0,4489.0,8,8,8,1,0.0,0.0,0.0,0.0,0,0.0,0.0,0.0,0.0,0.0,0.0,0.0,0.0,0.0,0,0,0,0,1,0,0,0,0,0,0,1.0,139.0,0,0,0.0,0.0,0.0,0.0,0.0,0.0,0.0,0.0,0.0,0.0,0.0,0.0,0.0,0.0,72.0,206.0,0,1,1,72,206
192.168.43.203,192.168.43.96,43016,53,17,2022-09-19 11:39:19,4184.961318969727,36320.526861505154,477.901669230331,238.9508346151655,238.9508346151655,1,1,76,76,76.0,76.0,76.0,0.0,76.0,76.0,76.0,0.0,76,76,76.0,0.0,0.0,8,8,8,1,0.0,0.0,0.0,0.0,0,0.0,0.0,0.0,0.0,0.0,0.0,0.0,0.0,0.0,0,0,0,0,1,0,0,0,0,0,0,1.0,76.0,0,0,0.0,0.0,0.0,0.0,0.0,0.0,0.0,0.0,0.0,0.0,0.0,0.0,0.0,0.0,76.0,76.0,0,1,1,76,76
192.168.43.203,192.168.43.96,40447,53,17,2022-09-19 11:39:19,2409.219741821289,90485.727065809,830.144285007422,415.072142503711,415.072142503711,1,1,109,109,109.0,109.0,109.0,0.0,109.0,109.0,109.0,0.0,109,109,109.0,0.0,0.0,8,8,8,1,0.0,0.0,0.0,0.0,0,0.0,0.0,0.0,0.0,0.0,0.0,0.0,0.0,0.0,0,0,0,0,1,0,0,0,0,0,0,1.0,109.0,0,0,0.0,0.0,0.0,0.0,0.0,0.0,0.0,0.0,0.0,0.0,0.0,0.0,0.0,0.0,109.0,109.0,0,1,1,109,109
192.168.43.203,192.168.43.96,42701,53,17,2022-09-19 11:39:34,45314.07356262207,3354.366271881133,44.13639831422543,22.068199157112716,22.068199157112716,1,1,76,76,76.0,76.0,76.0,0.0,76.0,76.0,76.0,0.0,76,76,76.0,0.0,0.0,8,8,8,1,0.0,0.0,0.0,0.0,0,0.0,0.0,0.0,0.0,0.0,0.0,0.0,0.0,0.0,0,0,0,0,1,0,0,0,0,0,0,1.0,76.0,0,0,0.0,0.0,0.0,0.0,0.0,0.0,0.0,0.0,0.0,0.0,0.0,0.0,0.0,0.0,76.0,76.0,0,1,1,76,76
192.168.43.203,34.107.204.85,57170,443,6,2022-09-19 11:39:34,74009.18006896973,4621.048357531965,54.04734921090018,27.02367460545009,27.02367460545009,2,2,171,171,105.0,66.0,85.5,19.5,105.0,66.0,85.5,19.5,105,66,85.5,19.5,380.25,40,40,20,1,24669.726689656574,73736.19079589844,25.987625122070312,34695.3468226544,0,0.0,0.0,0.0,0.0,0.0,0.0,0.0,0.0,0.0,0,0,0,0,1,0,0,0,0,0,0,1.0,85.5,501,331,0.0,0.0,0.0,0.0,0.0,0.0,0.0,0.0,0.0,0.0,0.0,0.0,0.0,0.0,85.5,85.5,0,2,2,171,171
172.67.68.36,192.168.43.203,443,59452,6,2022-09-19 11:38:39,101729199.64790344,8.493136709916172,0.11796023208216905,0.07864015472144603,0.039320077360723016,8,4,532,332,79.0,54.0,66.5,12.5,83.0,83.0,83.0,0.0,83,54,72.0,12.832251036613439,164.66666666666666,160,80,20,4,9248109.058900313,25394908.666610718,594.6159362792969,12138572.450752253,101729199.64790344,25395503.282546997,150713.92059326172,14532742.80684335,12439713.005431332,76286448.71711731,25496592.52166748,25392467.02194214,25428816.239039104,47967.17807834729,0,0,0,0,1,0,0,0,0,0,0,0.5,72.0,8,501,25392428.159713745,25188378.33404541,25303706.645965576,76008.96653570131,25394314.05067444,145338.5353088379,14480475.561959403,12398806.821741687,0.0,0.0,0.0,0.0,0.0,0.0,66.5,83.0,0,8,4,532,332
192.168.43.203,192.168.43.96,55379,53,17,2022-09-19 11:39:40,70798.87390136719,2514.1642824429537,28.249036881381503,14.124518440690752,14.124518440690752,1,1,89,89,89.0,89.0,89.0,0.0,89.0,89.0,89.0,0.0,89,89,89.0,0.0,0.0,8,8,8,1,0.0,0.0,0.0,0.0,0,0.0,0.0,0.0,0.0,0.0,0.0,0.0,0.0,0.0,0,0,0,0,1,0,0,0,0,0,0,1.0,89.0,0,0,0.0,0.0,0.0,0.0,0.0,0.0,0.0,0.0,0.0,0.0,0.0,0.0,0.0,0.0,89.0,89.0,0,1,1,89,89
192.168.43.203,192.168.43.96,58267,53,17,2022-09-19 11:39:40,4701.375961303711,37861.256250316954,425.4073735990669,212.70368679953344,212.70368679953344,1,1,89,89,89.0,89.0,89.0,0.0,89.0,89.0,89.0,0.0,89,89,89.0,0.0,0.0,8,8,8,1,0.0,0.0,0.0,0.0,0,0.0,0.0,0.0,0.0,0.0,0.0,0.0,0.0,0.0,0,0,0,0,1,0,0,0,0,0,0,1.0,89.0,0,0,0.0,0.0,0.0,0.0,0.0,0.0,0.0,0.0,0.0,0.0,0.0,0.0,0.0,0.0,89.0,89.0,0,1,1,89,89
192.168.43.203,34.237.73.95,39456,443,6,2022-09-19 11:39:44,309611.32049560547,2619.413265321838,9.689568182448228,6.459712121632153,3.2298560608160765,2,1,420,391,354.0,66.0,210.0,144.0,391.0,391.0,391.0,0.0,391,66,270.3333333333333,145.27292322460585,21104.222222222223,40,20,20,1,154805.66024780273,309536.4570617676,74.86343383789062,154730.79681396484,0,0.0,0.0,0.0,0.0,0.0,0.0,0.0,0.0,0.0,0,0,0,0,1,0,0,0,0,0,0,0.5,270.3333333333333,501,219,0.0,0.0,0.0,0.0,0.0,0.0,0.0,0.0,0.0,0.0,0.0,0.0,0.0,0.0,210.0,391.0,0,2,1,420,391
192.168.43.203,34.117.237.239,52572,443,6,2022-09-19 11:39:45,140160.08377075195,2440.0670347727573,28.538795728336343,14.269397864168171,14.269397864168171,2,2,171,171,105.0,66.0,85.5,19.5,105.0,66.0,85.5,19.5,105,66,85.5,19.5,380.25,40,40,20,1,46720.027923583984,99290.84777832031,0.476837158203125,40745.73556465877,0,0.0,0.0,0.0,0.0,0.0,0.0,0.0,0.0,0.0,0,0,0,0,1,0,0,0,0,0,0,1.0,85.5,501,285,0.0,0.0,0.0,0.0,99290.84777832031,40868.282318115234,70079.56504821777,29211.28273010254,0.0,0.0,0.0,0.0,0.0,0.0,85.5,85.5,0,2,2,171,171
192.168.43.203,54.169.175.250,35984,443,6,2022-09-19 11:39:09,95745915.17448425,17.546440461072645,0.16710895677212045,0.08355447838606023,0.08355447838606023,8,8,1002,678,145.0,66.0,125.25,34.208003449485325,141.0,66.0,84.75,32.47595264191645,145,66,105.0,39.01922603025334,1522.5,160,160,20,6,6383061.011632283,27371576.3092041,76.53236389160156,8747452.639087122,95745915.17448425,27371576.3092041,732258.5582733154,13677987.88206918,8259753.456019261,95537508.72612,27544608.116149902,597405.6720733643,13648215.532302856,8376011.737974755,0,0,0,0,1,0,0,0,0,0,0,1.0,105.0,501,148,27198621.034622192,3378766.5367126465,15484059.572219849,6878054.136532819,27371499.77684021,208297.4910736084,11687720.388174057,8929467.790141495,0.0,0.0,0.0,0.0,0.0,0.0,125.25,84.75,0,8,8,1002,678
192.168.43.203,75.2.88.188,33658,443,6,2022-09-19 11:39:47,382027.62603759766,931.8697804460976,10.470446971304467,5.2352234856522335,5.2352234856522335,2,2,178,178,112.0,66.0,89.0,23.0,112.0,66.0,89.0,23.0,112,66,89.0,23.0,529.0,40,40,20,1,127342.54201253255,204746.72317504883,38.86222839355469,90714.92731024954,0,0.0,0.0,0.0,0.0,0.0,0.0,0.0,0.0,0.0,0,0,0,0,1,0,0,0,0,0,0,1.0,89.0,501,2016,0.0,0.0,0.0,0.0,177242.04063415527,27504.682540893555,102373.36158752441,74868.67904663086,0.0,0.0,0.0,0.0,0.0,0.0,89.0,89.0,0,2,2,178,178
192.168.43.203,192.168.43.96,44481,53,17,2022-09-19 11:39:54,10087.251663208008,15068.524616511853,198.270060743577,99.1350303717885,99.1350303717885,1,1,76,76,76.0,76.0,76.0,0.0,76.0,76.0,76.0,0.0,76,76,76.0,0.0,0.0,8,8,8,1,0.0,0.0,0.0,0.0,0,0.0,0.0,0.0,0.0,0.0,0.0,0.0,0.0,0.0,0,0,0,0,1,0,0,0,0,0,0,1.0,76.0,0,0,0.0,0.0,0.0,0.0,0.0,0.0,0.0,0.0,0.0,0.0,0.0,0.0,0.0,0.0,76.0,76.0,0,1,1,76,76
192.168.43.203,35.186.228.49,55868,443,6,2022-09-19 11:39:55,7957.696914672852,86708.50465889684,628.322497528238,628.322497528238,0.0,5,0,690,0,138.0,138.0,138.0,0.0,0.0,0.0,0.0,0.0,138,138,138.0,0.0,0.0,100,0,20,5,1989.424228668213,4004.240036010742,879.5261383056641,1196.031161160806,7957.696914672852,4004.240036010742,879.5261383056641,1989.424228668213,1196.031161160806,0.0,0.0,0.0,0.0,0.0,0,0,0,0,1,0,0,0,0,0,0,0.0,138.0,501,0,0.0,0.0,0.0,0.0,0.0,0.0,0.0,0.0,360.0,5.0,0.0,0.0,45239.219822033134,0.0,138.0,0.0,0,5,0,690,0
192.168.43.203,35.186.228.49,55868,443,6,2022-09-19 11:39:55,12532635.927200317,263.63169082643935,2.7927085892631287,1.196875109684198,1.5958334795789306,15,20,1356,1948,138.0,66.0,90.4,31.461722775461613,149.0,66.0,97.4,35.03626692443132,149,66,94.4,33.72934288462453,1137.6685714285713,300,400,20,6,368596.95350422576,11618016.719818115,-74.86343383789062,1959403.3984909672,12484338.998794556,11698975.801467896,5.7220458984375,891738.4999138968,2999880.353742888,12466773.986816406,11725309.8487854,0.0,656145.9993061266,2610420.5720067415,0,0,0,0,1,0,0,0,0,0,0,1.3333333333333333,94.4,501,297,11611000.061035156,10800.600051879883,2053358.0780029297,4275525.081410283,11537057.638168335,5842.447280883789,1374271.7107137043,3594408.403497408,0.0,0.0,413.0,6.0,0.0,866123776.0,90.4,97.4,0,15,20,1356,1948
192.168.43.203,35.186.228.49,55854,443,6,2022-09-19 11:39:55,12567037.82081604,4023.6212161504072,9.628362842958554,4.9335412914333086,4.694821551525245,62,59,40349,10216,1442.0,66.0,650.7903225806451,648.0124983137775,1442.0,66.0,173.15254237288136,289.5033627953353,1442,66,417.89256198347107,559.4928311663109,313032.2281264941,1240,1180,20,39,104723.18132718404,11683361.530303955,-115.87142944335938,1061709.5567098355,12480030.298233032,11683361.530303955,3.5762786865234375,204590.66062677102,1482446.0537867064,12486953.496932983,11768038.034439087,0.0,215292.30167125835,1530679.9672646965,0,0,0,0,1,0,0,0,0,0,0,0.9516129032258065,417.89256198347107,8407,1050,11682998.418807983,16.689300537109375,1033829.8479715983,3211186.8085021703,11683383.703231812,6668.806076049805,1041077.6933034261,3209048.878603827,18070.0,18.0,1580.5,7.0,103651.15674912783,21725.165368059003,650.7903225806451,173.15254237288136,0,62,59,40349,10216
192.168.43.203,142.250.181.3,35332,443,6,2022-09-19 11:39:55,68615.19813537598,4022.4324566615587,43.722091920234334,29.148061280156224,14.574030640078112,2,1,171,105,105.0,66.0,85.5,19.5,105.0,105.0,105.0,0.0,105,66,92.0,18.384776310850235,338.0,40,20,20,1,34307.59906768799,68595.40939331055,19.788742065429688,34287.81032562256,0,0.0,0.0,0.0,0.0,0.0,0.0,0.0,0.0,0.0,0,0,0,0,1,0,0,0,0,0,0,0.5,92.0,501,276,0.0,0.0,0.0,0.0,0.0,0.0,0.0,0.0,0.0,0.0,0.0,0.0,0.0,0.0,85.5,105.0,0,2,1,171,105
192.168.43.203,173.194.76.155,40212,443,6,2022-09-19 11:39:55,0.0,0,0,0,0,1,0,105,0,105.0,105.0,105.0,0.0,0.0,0.0,0.0,0.0,105,105,105.0,0.0,0.0,20,0,20,1,0.0,0.0,0.0,0.0,0,0.0,0.0,0.0,0.0,0.0,0.0,0.0,0.0,0.0,0,0,0,0,1,0,0,0,0,0,0,0.0,105.0,501,0,0.0,0.0,0.0,0.0,0.0,0.0,0.0,0.0,0.0,0.0,0.0,0.0,0.0,0.0,105.0,0.0,0,1,0,105,0
192.168.43.203,216.58.208.228,56112,443,6,2022-09-19 11:39:55,68668.84231567383,4019.290127700352,43.687936170656,29.125290780437332,14.562645390218666,2,1,171,105,105.0,66.0,85.5,19.5,105.0,105.0,105.0,0.0,105,66,92.0,18.384776310850235,338.0,40,20,20,1,34334.421157836914,68642.37785339355,26.464462280273438,34307.95669555664,0,0.0,0.0,0.0,0.0,0.0,0.0,0.0,0.0,0.0,0,0,0,0,1,0,0,0,0,0,0,0.5,92.0,501,276,0.0,0.0,0.0,0.0,0.0,0.0,0.0,0.0,0.0,0.0,0.0,0.0,0.0,0.0,85.5,105.0,0,2,1,171,105
192.168.43.203,142.250.181.14,41182,443,6,2022-09-19 11:39:55,68604.94613647461,4023.0335499565595,43.72862554300608,29.152417028670722,14.576208514335361,2,1,171,105,105.0,66.0,85.5,19.5,105.0,105.0,105.0,0.0,105,66,92.0,18.384776310850235,338.0,40,20,20,1,34302.473068237305,68596.36306762695,8.58306884765625,34293.88999938965,0,0.0,0.0,0.0,0.0,0.0,0.0,0.0,0.0,0.0,0,0,0,0,1,0,0,0,0,0,0,0.5,92.0,501,267,0.0,0.0,0.0,0.0,0.0,0.0,0.0,0.0,0.0,0.0,0.0,0.0,0.0,0.0,85.5,105.0,0,2,1,171,105
192.168.43.203,192.168.43.96,51454,53,17,2022-09-19 11:39:59,70450.5443572998,2157.5418811402037,28.388708962371105,14.194354481185552,14.194354481185552,1,1,76,76,76.0,76.0,76.0,0.0,76.0,76.0,76.0,0.0,76,76,76.0,0.0,0.0,8,8,8,1,0.0,0.0,0.0,0.0,0,0.0,0.0,0.0,0.0,0.0,0.0,0.0,0.0,0.0,0,0,0,0,1,0,0,0,0,0,0,1.0,76.0,0,0,0.0,0.0,0.0,0.0,0.0,0.0,0.0,0.0,0.0,0.0,0.0,0.0,0.0,0.0,76.0,76.0,0,1,1,76,76
192.168.43.203,34.120.195.249,48268,443,6,2022-09-19 11:40:00,73651.07536315918,4643.516721428225,54.31013709272777,27.155068546363886,27.155068546363886,2,2,171,171,105.0,66.0,85.5,19.5,105.0,66.0,85.5,19.5,105,66,85.5,19.5,380.25,40,40,20,1,24550.358454386394,73547.1248626709,0.476837158203125,34645.97129958545,0,0.0,0.0,0.0,0.0,0.0,0.0,0.0,0.0,0.0,0,0,0,0,1,0,0,0,0,0,0,1.0,85.5,501,276,0.0,0.0,0.0,0.0,0.0,0.0,0.0,0.0,0.0,0.0,0.0,0.0,0.0,0.0,85.5,85.5,0,2,2,171,171
192.168.43.203,192.168.43.96,44677,53,17,2022-09-19 11:40:07,70197.58224487305,2051.352701830656,28.491009747647997,14.245504873823998,14.245504873823998,1,1,72,72,72.0,72.0,72.0,0.0,72.0,72.0,72.0,0.0,72,72,72.0,0.0,0.0,8,8,8,1,0.0,0.0,0.0,0.0,0,0.0,0.0,0.0,0.0,0.0,0.0,0.0,0.0,0.0,0,0,0,0,1,0,0,0,0,0,0,1.0,72.0,0,0,0.0,0.0,0.0,0.0,0.0,0.0,0.0,0.0,0.0,0.0,0.0,0.0,0.0,0.0,72.0,72.0,0,1,1,72,72
192.168.43.203,192.168.43.96,44184,53,17,2022-09-19 11:40:07,45847.65434265137,6717.900935522285,43.62273334754731,21.811366673773655,21.811366673773655,1,1,82,226,82.0,82.0,82.0,0.0,226.0,226.0,226.0,0.0,226,82,154.0,72.0,5184.0,8,8,8,1,0.0,0.0,0.0,0.0,0,0.0,0.0,0.0,0.0,0.0,0.0,0.0,0.0,0.0,0,0,0,0,1,0,0,0,0,0,0,1.0,154.0,0,0,0.0,0.0,0.0,0.0,0.0,0.0,0.0,0.0,0.0,0.0,0.0,0.0,0.0,0.0,82.0,226.0,0,1,1,82,226
192.168.43.203,192.168.43.96,37184,53,17,2022-09-19 11:40:08,1987.2188568115234,78501.67054589083,1006.431673665267,503.2158368326335,503.2158368326335,1,1,78,78,78.0,78.0,78.0,0.0,78.0,78.0,78.0,0.0,78,78,78.0,0.0,0.0,8,8,8,1,0.0,0.0,0.0,0.0,0,0.0,0.0,0.0,0.0,0.0,0.0,0.0,0.0,0.0,0,0,0,0,1,0,0,0,0,0,0,1.0,78.0,0,0,0.0,0.0,0.0,0.0,0.0,0.0,0.0,0.0,0.0,0.0,0.0,0.0,0.0,0.0,78.0,78.0,0,1,1,78,78
192.168.43.203,192.168.43.96,44316,53,17,2022-09-19 11:40:08,17396.926879882812,13680.57712970069,114.96283302269488,57.48141651134744,57.48141651134744,1,1,79,159,79.0,79.0,79.0,0.0,159.0,159.0,159.0,0.0,159,79,119.0,40.0,1600.0,8,8,8,1,0.0,0.0,0.0,0.0,0,0.0,0.0,0.0,0.0,0.0,0.0,0.0,0.0,0.0,0,0,0,0,1,0,0,0,0,0,0,1.0,119.0,0,0,0.0,0.0,0.0,0.0,0.0,0.0,0.0,0.0,0.0,0.0,0.0,0.0,0.0,0.0,79.0,159.0,0,1,1,79,159
192.168.43.203,192.168.43.96,47787,53,17,2022-09-19 11:40:08,4752.397537231445,33246.37696282547,420.8402147193097,210.42010735965485,210.42010735965485,1,1,79,79,79.0,79.0,79.0,0.0,79.0,79.0,79.0,0.0,79,79,79.0,0.0,0.0,8,8,8,1,0.0,0.0,0.0,0.0,0,0.0,0.0,0.0,0.0,0.0,0.0,0.0,0.0,0.0,0,0,0,0,1,0,0,0,0,0,0,1.0,79.0,0,0,0.0,0.0,0.0,0.0,0.0,0.0,0.0,0.0,0.0,0.0,0.0,0.0,0.0,0.0,79.0,79.0,0,1,1,79,79
192.168.43.203,192.168.43.96,44550,53,17,2022-09-19 11:40:08,3474.4739532470703,44898.88314005352,575.6267069237631,287.81335346188155,287.81335346188155,1,1,78,78,78.0,78.0,78.0,0.0,78.0,78.0,78.0,0.0,78,78,78.0,0.0,0.0,8,8,8,1,0.0,0.0,0.0,0.0,0,0.0,0.0,0.0,0.0,0.0,0.0,0.0,0.0,0.0,0,0,0,0,1,0,0,0,0,0,0,1.0,78.0,0,0,0.0,0.0,0.0,0.0,0.0,0.0,0.0,0.0,0.0,0.0,0.0,0.0,0.0,0.0,78.0,78.0,0,1,1,78,78
192.168.43.203,216.58.208.240,60048,443,6,2022-09-19 11:40:08,377277.3742675781,7837.734785290341,45.05968594857484,23.855127855127854,21.204558093446984,9,8,1560,1397,733.0,66.0,173.33333333333334,205.55129124705914,834.0,66.0,174.625,250.0744576621131,834,66,173.94117647058823,227.5918613732086,51798.0553633218,180,160,20,4,23563.63832950592,112225.05569458008,-182.86705017089844,39097.734428542855,285594.4633483887,189754.72450256348,23.603439331054688,35699.307918548584,64364.50158113864,292132.1392059326,112225.05569458008,0.0,41733.16274370466,47230.28960537512,0,0,0,0,1,0,0,0,0,0,0,0.8888888888888888,173.94117647058823,64240,267,111579.89501953125,7838.249206542969,70486.9031906128,38323.901950489766,112224.57885742188,8154.869079589844,73590.66009521484,34809.633485802166,0.0,0.0,0.0,0.0,0.0,0.0,173.33333333333334,174.625,0,9,8,1560,1397
192.168.43.203,35.244.180.134,59686,443,6,2022-09-19 11:39:18,90218509.1972351,95.47929883399127,0.6317994002249248,0.23276820008286703,0.39903120014205773,21,36,2917,5697,319.0,66.0,138.9047619047619,101.91495276146618,365.0,66.0,158.25,96.98865197079043,365,66,151.12280701754386,99.27174651066913,9854.879655278548,420,720,20,12,1611044.807093484,30104589.93911743,0.0,5628233.376709503,90218509.1972351,30105258.226394653,100.61264038085938,4510925.459861755,8715773.823842471,90129964.82849121,30105059.86213684,0.0,2575141.852242606,6945568.1298122145,0,0,0,0,1,0,0,0,0,0,0,1.7142857142857142,151.12280701754386,501,564,30104452.84843445,62436.10382080078,5970472.272237142,9602997.763728527,30104120.016098022,5002.9754638671875,4275674.42258199,8532073.164878419,0.0,0.0,528.0,4.0,0.0,233115001.2631579,138.9047619047619,158.25,0,21,36,2917,5697
192.168.43.203,75.2.88.188,33658,443,6,2022-09-19 11:40:08,568580.8658599854,8049.866386335799,17.58764777438453,8.793823887192264,8.793823887192264,5,5,1537,3040,1186.0,66.0,307.4,440.5903312602309,1442.0,66.0,608.0,648.9400588652237,1442,66,457.7,574.6404180006832,330211.61,100,100,20,2,63170.06217108833,486932.75451660156,-50.30632019042969,151015.42989839506,568580.8658599854,558988.5711669922,60.08148193359375,142145.21646499634,240695.0281583551,506098.50883483887,486932.75451660156,0.476837158203125,126524.62720870972,208118.51177777132,0,0,0,0,1,0,0,0,0,0,0,1.0,457.7,501,2016,486852.64587402344,60.08148193359375,179835.31951904297,218150.8071136057,477241.51611328125,9313.821792602539,182926.57534281412,209230.08910110078,0.0,0.0,0.0,0.0,0.0,0.0,307.4,608.0,0,5,5,1537,3040
192.168.43.203,216.58.208.240,44735,443,17,2022-09-19 11:40:08,978841.5431976318,240311.623096392,239.05810049252733,67.42664372866156,171.63145676386577,66,168,6998,228229,1399.0,73.0,106.03030303030303,178.93616346864562,1399.0,70.0,1358.5059523809523,203.9428607251542,1399,70,1005.2435897435897,597.1184048260324,356550.38938198553,528,1344,8,66,4201.0366660842565,416840.0764465332,0.0,28968.889279250558,978841.5431976318,417889.1181945801,370.97930908203125,15059.100664578951,56532.4101411686,883533.0009460449,438073.63510131836,0.0,5290.616772132005,35036.86056087816,0,0,0,0,1,0,0,0,0,0,0,2.5454545454545454,1005.2435897435897,0,0,416272.4018096924,3078.6991119384766,41976.4658984016,95932.44616465553,395606.51779174805,7368.326187133789,42587.0979533476,91274.89950775943,0.0,0.0,7264.454545454545,5.636363636363637,0.0,586734.4001512515,106.03030303030303,1358.5059523809523,0,66,168,6998,228229
192.168.43.203,34.117.46.154,50387,443,17,2022-09-19 11:40:08,691986.083984375,10779.118500551267,23.121852260198455,11.560926130099228,11.560926130099228,8,8,3557,3902,1399.0,73.0,444.625,554.8393770948489,1399.0,70.0,487.75,546.349190079019,1399,70,466.1875,551.0326917196021,303637.02734375,64,64,8,8,46132.405598958336,257839.91813659668,0.476837158203125,70198.79433637278,605869.5316314697,258855.10444641113,104.9041748046875,86552.7902330671,102398.49520588962,559495.4490661621,279002.6664733887,0.476837158203125,79927.92129516602,91600.51312460813,0,0,0,0,1,0,0,0,0,0,0,1.0,466.1875,0,0,256824.73182678223,66731.45294189453,151980.63850402832,78832.4551476625,236677.1697998047,18569.231033325195,90343.07797749837,75571.6174916239,0.0,0.0,0.0,0.0,0.0,0.0,444.625,487.75,0,8,8,3557,3902
192.168.43.203,34.117.46.154,45456,443,6,2022-09-19 11:40:08,465763.3304595947,6194.132966958153,36.49922372211043,19.323118441117288,17.176105280993145,9,8,1520,1365,719.0,66.0,168.88888888888889,201.4268240133343,652.0,66.0,170.625,194.22727505425183,719,66,169.7058823529412,198.07329739737384,39233.0311418685,180,160,20,4,29107.06400871277,115919.58999633789,-50.30632019042969,41998.04311862462,375346.18377685547,194415.80772399902,56.02836608886719,46918.27297210693,65415.443809691504,384144.78302001953,115919.58999633789,0.0,54877.826145717074,48332.00165024344,0,0,0,0,1,0,0,0,0,0,0,0.8888888888888888,169.7058823529412,64240,267,115665.91262817383,81478.35731506348,93620.37976582845,15615.310295261637,89152.33612060547,11187.79182434082,61879.71433003744,28421.035553102094,0.0,0.0,0.0,0.0,0.0,0.0,168.88888888888889,170.625,0,9,8,1520,1365
192.168.43.203,192.168.43.96,53559,53,17,2022-09-19 11:40:11,70732.11669921875,2148.9530794952,28.275698414410527,14.137849207205264,14.137849207205264,1,1,76,76,76.0,76.0,76.0,0.0,76.0,76.0,76.0,0.0,76,76,76.0,0.0,0.0,8,8,8,1,0.0,0.0,0.0,0.0,0,0.0,0.0,0.0,0.0,0.0,0.0,0.0,0.0,0.0,0,0,0,0,1,0,0,0,0,0,0,1.0,76.0,0,0,0.0,0.0,0.0,0.0,0.0,0.0,0.0,0.0,0.0,0.0,0.0,0.0,0.0,0.0,76.0,76.0,0,1,1,76,76
34.237.73.95,192.168.43.203,443,39456,6,2022-09-19 11:40:13,521888.25607299805,1199.4904899956966,11.496713961620095,5.748356980810048,5.748356980810048,3,3,262,364,98.0,66.0,87.33333333333333,15.084944665313014,220.0,66.0,121.33333333333333,69.93965653015144,220,66,104.33333333333333,53.37186108386662,2848.555555555556,60,60,20,2,104377.65121459961,305939.9127960205,45.06111145019531,119090.28769319433,521888.25607299805,348753.2138824463,173135.04219055176,260944.12803649902,87809.08584594727,215903.28216552734,173164.84451293945,42738.43765258789,107951.64108276367,65213.20343017578,0,0,0,0,1,0,0,0,0,0,0,1.0,104.33333333333333,219,501,173015.11764526367,45.06111145019531,86530.08937835693,86485.02826690674,263201.4751434326,42663.57421875,159636.65644327799,90532.04804237581,0.0,0.0,0.0,0.0,0.0,0.0,87.33333333333333,121.33333333333333,0,3,3,262,364
192.168.43.203,44.239.126.203,38134,443,6,2022-09-19 11:40:14,390805.721282959,742.056690081127,7.676448518080624,5.117632345387083,2.5588161726935414,2,1,178,112,112.0,66.0,89.0,23.0,112.0,112.0,112.0,0.0,112,66,96.66666666666667,21.684607956387456,470.2222222222222,40,20,20,1,195402.8606414795,390759.2296600342,46.49162292480469,195356.3690185547,0,0.0,0.0,0.0,0.0,0.0,0.0,0.0,0.0,0.0,0,0,0,0,1,0,0,0,0,0,0,0.5,96.66666666666667,501,425,0.0,0.0,0.0,0.0,0.0,0.0,0.0,0.0,0.0,0.0,0.0,0.0,0.0,0.0,89.0,112.0,0,2,1,178,112
192.168.43.203,192.168.43.96,59646,53,17,2022-09-19 11:40:16,73199.27215576172,2076.523379584392,27.32267604716305,13.661338023581525,13.661338023581525,1,1,76,76,76.0,76.0,76.0,0.0,76.0,76.0,76.0,0.0,76,76,76.0,0.0,0.0,8,8,8,1,0.0,0.0,0.0,0.0,0,0.0,0.0,0.0,0.0,0.0,0.0,0.0,0.0,0.0,0,0,0,0,1,0,0,0,0,0,0,1.0,76.0,0,0,0.0,0.0,0.0,0.0,0.0,0.0,0.0,0.0,0.0,0.0,0.0,0.0,0.0,0.0,76.0,76.0,0,1,1,76,76
192.168.43.203,40.76.174.66,38616,443,6,2022-09-19 11:40:18,3762702.226638794,3208.598308557826,9.301825627393681,5.3153289299392465,3.986496697454435,20,15,10481,1592,1442.0,54.0,524.05,615.8907756250292,393.0,54.0,106.13333333333334,80.96160955800114,1442,54,344.9428571428571,512.1882434561476,262336.7967346939,400,300,20,11,110646.48628234863,2108580.3508758545,-249.62425231933594,371148.1679327295,3762702.226638794,2529081.344604492,4.5299530029296875,198036.95929677863,567917.9283485874,3252128.839492798,2457632.064819336,0.0,232294.91710662842,630112.9439396103,0,0,0,0,1,0,0,0,0,0,0,0.75,344.9428571428571,501,2049,2108574.628829956,66836.83395385742,757882.7738761902,795706.380654616,1688079.3571472168,66848.7548828125,556007.8620910645,524141.1662406702,9285.0,9.0,678.0,7.0,4728522.661486158,2208.4953449577365,524.05,106.13333333333334,0,20,15,10481,1592
192.168.43.203,192.168.43.96,39311,53,17,2022-09-19 11:40:19,43818.95065307617,3970.88468360629,45.642352685129765,22.821176342564883,22.821176342564883,1,1,79,95,79.0,79.0,79.0,0.0,95.0,95.0,95.0,0.0,95,79,87.0,8.0,64.0,8,8,8,1,0.0,0.0,0.0,0.0,0,0.0,0.0,0.0,0.0,0.0,0.0,0.0,0.0,0.0,0,0,0,0,1,0,0,0,0,0,0,1.0,87.0,0,0,0.0,0.0,0.0,0.0,0.0,0.0,0.0,0.0,0.0,0.0,0.0,0.0,0.0,0.0,79.0,95.0,0,1,1,79,95
192.168.43.203,192.168.43.96,38987,53,17,2022-09-19 11:40:19,185649.87182617188,1352.0073972096081,10.772967308443093,5.386483654221546,5.386483654221546,1,1,79,172,79.0,79.0,79.0,0.0,172.0,172.0,172.0,0.0,172,79,125.5,46.5,2162.25,8,8,8,1,0.0,0.0,0.0,0.0,0,0.0,0.0,0.0,0.0,0.0,0.0,0.0,0.0,0.0,0,0,0,0,1,0,0,0,0,0,0,1.0,125.5,0,0,0.0,0.0,0.0,0.0,0.0,0.0,0.0,0.0,0.0,0.0,0.0,0.0,0.0,0.0,79.0,172.0,0,1,1,79,172
192.168.43.203,35.241.24.90,47404,443,6,2022-09-19 11:40:19,442946.6724395752,6515.457005478905,38.37933787011136,20.318472990058954,18.060864880052403,9,8,1521,1365,720.0,66.0,169.0,201.7302929931722,652.0,66.0,170.625,194.22727505425183,720,66,169.76470588235293,198.23649851266177,39297.709342560556,180,160,20,4,27684.16702747345,116704.46395874023,0.2384185791015625,40761.96897142995,360356.56929016113,211986.78016662598,819.2062377929688,45044.57116127014,69080.37877094364,369213.5810852051,116704.46395874023,0.2384185791015625,52744.79729788644,46558.234873363144,0,0,0,0,1,0,0,0,0,0,0,0.8888888888888888,169.76470588235293,64240,267,113384.00840759277,62306.16569519043,82174.06272888184,22341.561488814525,92261.07597351074,21542.31071472168,65822.45826721191,24697.140914339383,0.0,0.0,0.0,0.0,0.0,0.0,169.0,170.625,0,9,8,1521,1365
192.168.43.203,35.241.24.90,39290,443,17,2022-09-19 11:40:19,10491236.209869385,945.45578820053,3.33611781298705,1.7157177323933401,1.62040008059371,18,17,4989,4930,1399.0,73.0,277.1666666666667,381.98011146597094,1399.0,70.0,290.0,421.55789498422325,1399,70,283.4,401.74214900320607,161396.75428571424,144,136,8,18,308565.7708785113,4379102.468490601,0.0,972193.7431613621,10460994.243621826,4379102.468490601,1137.9718780517578,615352.6025659898,1334478.635766591,10372169.494628906,4534452.438354492,0.0,648260.5934143066,1384367.6449660591,0,0,0,0,1,0,0,0,0,0,0,0.9444444444444444,283.4,0,0,4357704.162597656,19723.176956176758,892370.6358129327,1542959.414203892,4378683.805465698,18782.854080200195,656421.2640126547,1355507.0691348016,0.0,0.0,656.0,4.0,0.0,6598233.630695444,277.1666666666667,290.0,0,18,17,4989,4930
192.168.43.203,192.168.43.96,52726,53,17,2022-09-19 11:40:20,196461.20071411133,1211.4351288442729,10.18012713314515,5.090063566572575,5.090063566572575,1,1,74,164,74.0,74.0,74.0,0.0,164.0,164.0,164.0,0.0,164,74,119.0,45.0,2025.0,8,8,8,1,0.0,0.0,0.0,0.0,0,0.0,0.0,0.0,0.0,0.0,0.0,0.0,0.0,0.0,0,0,0,0,1,0,0,0,0,0,0,1.0,119.0,0,0,0.0,0.0,0.0,0.0,0.0,0.0,0.0,0.0,0.0,0.0,0.0,0.0,0.0,0.0,74.0,164.0,0,1,1,74,164
192.168.43.203,35.244.233.98,60694,443,17,2022-09-19 11:40:20,8395834.922790527,3285.0812639409173,6.6699739233781,3.33498696168905,3.33498696168905,28,28,14037,13544,1399.0,73.0,501.32142857142856,548.0735778010772,1399.0,70.0,483.7142857142857,505.015336198732,1399,70,492.51785714285717,527.0579390443653,277790.0711096939,224,224,8,28,152651.54405073685,2902991.533279419,0.0,517973.32358781446,8367374.1817474365,2980273.0083465576,70.81031799316406,309902.74747212726,733453.4048036962,8287428.855895996,3089405.5366516113,0.0,306941.8094776295,762719.6883551115,0,0,0,0,1,0,0,0,0,0,0,1.0,492.51785714285717,0,0,2902822.732925415,8151.769638061523,430715.0310940213,838139.5089421348,2825710.0582122803,9018.421173095703,288197.4555827953,686916.4300483554,0.0,0.0,1145.0,4.0,0.0,5646.526509107968,501.32142857142856,483.7142857142857,0,28,28,14037,13544
192.168.43.203,35.244.233.98,34818,443,6,2022-09-19 11:40:20,431585.78872680664,8003.043868032408,39.389619501028065,20.853327971132504,18.536291529895557,9,8,2089,1365,1288.0,66.0,232.11111111111111,376.9716890178726,652.0,66.0,170.625,194.22727505425183,1288,66,203.1764705882353,306.47660601520965,93927.91003460206,180,160,20,4,26974.111795425415,119972.70584106445,9.059906005859375,38755.3633905464,358518.8388824463,199000.12016296387,112.05673217773438,44814.854860305786,64673.941213960454,362620.8305358887,119972.70584106445,47.6837158203125,51802.975790841236,46426.709905591735,0,0,0,0,1,0,0,0,0,0,0,0.8888888888888888,203.1764705882353,64240,276,119538.3071899414,68799.25727844238,85859.29870605469,23815.336039249276,72329.04434204102,6483.0780029296875,47234.977994646346,26482.768509017973,0.0,0.0,0.0,0.0,0.0,0.0,232.11111111111111,170.625,0,9,8,2089,1365
192.168.43.203,192.168.43.96,47166,53,17,2022-09-19 11:40:21,120379.20951843262,1852.4793516429759,16.61416458872624,8.30708229436312,8.30708229436312,1,1,72,151,72.0,72.0,72.0,0.0,151.0,151.0,151.0,0.0,151,72,111.5,39.5,1560.25,8,8,8,1,0.0,0.0,0.0,0.0,0,0.0,0.0,0.0,0.0,0.0,0.0,0.0,0.0,0.0,0,0,0,0,1,0,0,0,0,0,0,1.0,111.5,0,0,0.0,0.0,0.0,0.0,0.0,0.0,0.0,0.0,0.0,0.0,0.0,0.0,0.0,0.0,72.0,151.0,0,1,1,72,151
192.168.43.203,192.168.43.96,56028,53,17,2022-09-19 11:40:21,22266.626358032227,12979.06541175463,89.82052188065487,44.91026094032743,44.91026094032743,1,1,109,180,109.0,109.0,109.0,0.0,180.0,180.0,180.0,0.0,180,109,144.5,35.5,1260.25,8,8,8,1,0.0,0.0,0.0,0.0,0,0.0,0.0,0.0,0.0,0.0,0.0,0.0,0.0,0.0,0,0,0,0,1,0,0,0,0,0,0,1.0,144.5,0,0,0.0,0.0,0.0,0.0,0.0,0.0,0.0,0.0,0.0,0.0,0.0,0.0,0.0,0.0,109.0,180.0,0,1,1,109,180
192.168.43.203,192.168.43.96,56412,53,17,2022-09-19 11:40:26,257923.36463928223,589.3223369374816,7.754241275493179,3.8771206377465894,3.8771206377465894,1,1,76,76,76.0,76.0,76.0,0.0,76.0,76.0,76.0,0.0,76,76,76.0,0.0,0.0,8,8,8,1,0.0,0.0,0.0,0.0,0,0.0,0.0,0.0,0.0,0.0,0.0,0.0,0.0,0.0,0,0,0,0,1,0,0,0,0,0,0,1.0,76.0,0,0,0.0,0.0,0.0,0.0,0.0,0.0,0.0,0.0,0.0,0.0,0.0,0.0,0.0,0.0,76.0,76.0,0,1,1,76,76
192.168.43.203,192.168.43.96,54004,53,17,2022-09-19 11:40:34,53021.43096923828,4036.1038185513607,37.72059643505945,18.860298217529724,18.860298217529724,1,1,99,115,99.0,99.0,99.0,0.0,115.0,115.0,115.0,0.0,115,99,107.0,8.0,64.0,8,8,8,1,0.0,0.0,0.0,0.0,0,0.0,0.0,0.0,0.0,0.0,0.0,0.0,0.0,0.0,0,0,0,0,1,0,0,0,0,0,0,1.0,107.0,0,0,0.0,0.0,0.0,0.0,0.0,0.0,0.0,0.0,0.0,0.0,0.0,0.0,0.0,0.0,99.0,115.0,0,1,1,99,115
192.168.43.203,192.168.43.96,56605,53,17,2022-09-19 11:40:34,2017.7364349365234,98129.76391350586,991.2097365000591,495.60486825002954,495.60486825002954,1,1,99,99,99.0,99.0,99.0,0.0,99.0,99.0,99.0,0.0,99,99,99.0,0.0,0.0,8,8,8,1,0.0,0.0,0.0,0.0,0,0.0,0.0,0.0,0.0,0.0,0.0,0.0,0.0,0.0,0,0,0,0,1,0,0,0,0,0,0,1.0,99.0,0,0,0.0,0.0,0.0,0.0,0.0,0.0,0.0,0.0,0.0,0.0,0.0,0.0,0.0,0.0,99.0,99.0,0,1,1,99,99
192.168.43.203,35.186.194.58,38120,443,17,2022-09-19 11:39:55,47637207.98492432,585.1518419975739,1.2595196599050917,0.8186877789383097,0.44083188096678216,39,21,25853,2022,1399.0,71.0,662.8974358974359,621.2690814227656,144.0,70.0,96.28571428571429,33.819046278043714,1399,70,464.5833333333333,569.4934969387759,324322.8430555556,312,168,8,39,807410.3048292258,15239164.352416992,58.41255187988281,2753622.269806019,47567960.50071716,15295136.92855835,58.41255187988281,1251788.434229399,3370810.410057224,47564880.60951233,15355623.722076416,9364.604949951172,2378244.0304756165,4400178.418594119,0,0,0,0,1,0,0,0,0,0,0,0.5384615384615384,464.5833333333333,0,0,15217822.074890137,29284.71565246582,3306719.6096692765,4866336.1401446145,15183191.776275635,7347.345352172852,1717160.074799149,3851927.5718490207,18866.0,14.0,0.0,0.0,583341.8548164748,0.0,662.8974358974359,96.28571428571429,0,39,21,25853,2022
192.168.43.203,34.107.204.85,57170,443,6,2022-09-19 11:40:33,3340684.413909912,625.6203044195604,4.490097878609285,2.3947188685916188,2.0953790100176666,8,7,1379,711,839.0,66.0,172.375,252.49897895833163,139.0,66.0,101.57142857142857,26.628969954099365,839,66,139.33333333333334,188.63109205242088,35581.68888888888,160,140,20,3,238586.2043925694,2784514.6656036377,-221.9676971435547,709630.7736494818,3272359.1327667236,2784514.6656036377,34.809112548828125,467479.87610953196,953254.2994772658,3193280.4584503174,2885710.7162475586,0.0,532213.4097417196,1055891.8723391802,0,0,0,0,1,0,0,0,0,0,0,0.875,139.33333333333334,501,340,2683393.716812134,147328.85360717773,1022859.7323099772,1174756.3306722152,2784439.5637512207,67760.22911071777,784226.11951828,1155230.7262154256,0.0,0.0,210.0,4.0,0.0,220200960.0,172.375,101.57142857142857,0,8,7,1379,711
192.168.43.203,192.168.43.96,56856,53,17,2022-09-19 11:40:36,65441.37001037598,3652.1240304429084,30.561707367723084,15.280853683861542,15.280853683861542,1,1,73,166,73.0,73.0,73.0,0.0,166.0,166.0,166.0,0.0,166,73,119.5,46.5,2162.25,8,8,8,1,0.0,0.0,0.0,0.0,0,0.0,0.0,0.0,0.0,0.0,0.0,0.0,0.0,0.0,0,0,0,0,1,0,0,0,0,0,0,1.0,119.5,0,0,0.0,0.0,0.0,0.0,0.0,0.0,0.0,0.0,0.0,0.0,0.0,0.0,0.0,0.0,73.0,166.0,0,1,1,73,166
192.168.43.203,34.107.204.85,35244,443,17,2022-09-19 11:40:36,324132.91931152344,16258.76202637417,24.68123267760785,9.255462254102943,15.425770423504904,3,5,1718,3552,1399.0,73.0,572.6666666666666,588.5588802792424,1399.0,70.0,710.4,585.4808621979031,1399,70,658.75,590.4144201321644,348589.1875,24,40,8,3,46304.70275878906,128790.61698913574,140.19012451171875,50677.1213481737,312495.47004699707,226751.32751464844,85744.14253234863,156247.73502349854,70503.5924911499,195342.3023223877,95771.31271362305,140.19012451171875,48835.575580596924,42606.726180227066,0,0,0,0,1,0,0,0,0,0,0,1.6666666666666667,658.75,0,0,126601.2191772461,82736.25373840332,104668.7364578247,21932.482719421387,128790.61698913574,10203.59992980957,73658.30739339192,48769.2996563766,0.0,0.0,0.0,0.0,0.0,0.0,572.6666666666666,710.4,0,3,5,1718,3552
192.168.43.203,192.168.43.96,49075,53,17,2022-09-19 11:40:42,69767.47512817383,2178.66562779794,28.666652997341316,14.333326498670658,14.333326498670658,1,1,76,76,76.0,76.0,76.0,0.0,76.0,76.0,76.0,0.0,76,76,76.0,0.0,0.0,8,8,8,1,0.0,0.0,0.0,0.0,0,0.0,0.0,0.0,0.0,0.0,0.0,0.0,0.0,0.0,0,0,0,0,1,0,0,0,0,0,0,1.0,76.0,0,0,0.0,0.0,0.0,0.0,0.0,0.0,0.0,0.0,0.0,0.0,0.0,0.0,0.0,0.0,76.0,76.0,0,1,1,76,76
192.168.43.203,34.117.237.239,52572,443,6,2022-09-19 11:40:44,76539.99328613281,3605.957985496773,39.19519549453014,26.13013032968676,13.06506516484338,2,1,171,105,105.0,66.0,85.5,19.5,105.0,105.0,105.0,0.0,105,66,92.0,18.384776310850235,338.0,40,20,20,1,38269.996643066406,76462.98408508301,77.00920104980469,38192.9874420166,0,0.0,0.0,0.0,0.0,0.0,0.0,0.0,0.0,0.0,0,0,0,0,1,0,0,0,0,0,0,0.5,92.0,501,285,0.0,0.0,0.0,0.0,0.0,0.0,0.0,0.0,0.0,0.0,0.0,0.0,0.0,0.0,85.5,105.0,0,2,1,171,105
192.168.43.203,142.250.181.3,35332,443,6,2022-09-19 11:40:48,90685.12916564941,4333.676354831331,55.1358314864037,33.08149889184222,22.054332594561483,3,2,261,132,105.0,66.0,87.0,16.06237840420901,66.0,66.0,66.0,0.0,105,66,78.6,16.144348856488453,260.64,60,40,20,2,22671.282291412354,61929.46434020996,36.716461181640625,25265.1993646796,90685.12916564941,89772.22442626953,912.9047393798828,45342.56458282471,44429.659843444824,0.0,0.0,0.0,0.0,0.0,0,0,0,0,1,0,0,0,0,0,0,0.6666666666666666,78.6,501,276,0.0,0.0,0.0,0.0,0.0,0.0,0.0,0.0,0.0,0.0,0.0,0.0,0.0,0.0,87.0,66.0,0,3,2,261,132
192.168.43.203,173.194.76.155,40212,443,6,2022-09-19 11:40:48,191367.38777160645,2053.6414515363426,26.127753836340236,15.676652301804141,10.451101534536095,3,2,261,132,105.0,66.0,87.0,16.06237840420901,66.0,66.0,66.0,0.0,105,66,78.6,16.144348856488453,260.64,60,40,20,2,47841.84694290161,190774.67918395996,0.2384185791015625,82522.5311532829,191367.38777160645,190861.22512817383,506.1626434326172,95683.69388580322,95177.5312423706,0.0,0.0,0.0,0.0,0.0,0,0,0,0,1,0,0,0,0,0,0,0.6666666666666666,78.6,501,276,0.0,0.0,0.0,0.0,0.0,0.0,0.0,0.0,0.0,0.0,0.0,0.0,0.0,0.0,87.0,66.0,0,3,2,261,132
192.168.43.203,216.58.208.228,56112,443,6,2022-09-19 11:40:48,90590.7154083252,4338.192917768742,55.19329411919519,33.115976471517115,22.077317647678075,3,2,261,132,105.0,66.0,87.0,16.06237840420901,66.0,66.0,66.0,0.0,105,66,78.6,16.144348856488453,260.64,60,40,20,2,22647.6788520813,89350.46195983887,46.253204345703125,38512.45665249066,90590.7154083252,89615.1065826416,975.6088256835938,45295.3577041626,44319.748878479004,0.0,0.0,0.0,0.0,0.0,0,0,0,0,1,0,0,0,0,0,0,0.6666666666666666,78.6,501,276,0.0,0.0,0.0,0.0,0.0,0.0,0.0,0.0,0.0,0.0,0.0,0.0,0.0,0.0,87.0,66.0,0,3,2,261,132
192.168.43.203,142.250.181.14,41182,443,6,2022-09-19 11:40:48,90519.90509033203,4341.586522962167,55.236469757788385,33.14188185467303,22.094587903115354,3,2,261,132,105.0,66.0,87.0,16.06237840420901,66.0,66.0,66.0,0.0,105,66,78.6,16.144348856488453,260.64,60,40,20,2,22629.976272583008,89302.77824401855,13.589859008789062,38495.18347370361,90519.90509033203,90285.06278991699,234.84230041503906,45259.952545166016,45025.11024475098,0.0,0.0,0.0,0.0,0.0,0,0,0,0,1,0,0,0,0,0,0,0.6666666666666666,78.6,501,267,0.0,0.0,0.0,0.0,0.0,0.0,0.0,0.0,0.0,0.0,0.0,0.0,0.0,0.0,87.0,66.0,0,3,2,261,132
34.237.73.95,192.168.43.203,443,39456,6,2022-09-19 11:40:59,412722.8260040283,2124.9127616494857,9.691734374684085,4.8458671873420425,4.8458671873420425,2,2,457,420,391.0,66.0,228.5,162.5,354.0,66.0,210.0,144.0,391,66,219.25,153.80730639342204,23656.6875,40,40,20,1,137574.27533467612,412615.0608062744,0.7152557373046875,194483.209354761,0,0.0,0.0,0.0,0.0,0.0,0.0,0.0,0.0,0.0,0,0,0,0,1,0,0,0,0,0,0,1.0,219.25,225,499,0.0,0.0,0.0,0.0,0.0,0.0,0.0,0.0,0.0,0.0,0.0,0.0,0.0,0.0,228.5,210.0,0,2,2,457,420
192.168.43.203,34.120.195.249,48268,443,6,2022-09-19 11:40:59,77073.57406616211,3580.993918396387,38.92384693909116,25.94923129272744,12.97461564636372,2,1,171,105,105.0,66.0,85.5,19.5,105.0,105.0,105.0,0.0,105,66,92.0,18.384776310850235,338.0,40,20,20,1,38536.787033081055,77015.16151428223,58.41255187988281,38478.37448120117,0,0.0,0.0,0.0,0.0,0.0,0.0,0.0,0.0,0.0,0,0,0,0,1,0,0,0,0,0,0,0.5,92.0,501,276,0.0,0.0,0.0,0.0,0.0,0.0,0.0,0.0,0.0,0.0,0.0,0.0,0.0,0.0,85.5,105.0,0,2,1,171,105
192.168.43.203,75.2.88.188,33658,443,6,2022-09-19 11:41:07,346414.80445861816,1027.6697052724455,11.546850621038715,5.773425310519357,5.773425310519357,2,2,178,178,112.0,66.0,89.0,23.0,112.0,66.0,89.0,23.0,112,66,89.0,23.0,529.0,40,40,20,1,115471.60148620605,276778.2211303711,90.12222290039062,117532.73276980844,0,0.0,0.0,0.0,0.0,0.0,0.0,0.0,0.0,0.0,0,0,0,0,1,0,0,0,0,0,0,1.0,89.0,501,2016,0.0,0.0,0.0,0.0,207231.7600250244,69546.46110534668,138389.11056518555,68842.64945983887,0.0,0.0,0.0,0.0,0.0,0.0,89.0,89.0,0,2,2,178,178
192.168.43.203,34.117.46.154,45456,443,6,2022-09-19 11:41:07,73169.46983337402,4674.080607373858,54.667609442969095,27.333804721484547,27.333804721484547,2,2,171,171,105.0,66.0,85.5,19.5,105.0,66.0,85.5,19.5,105,66,85.5,19.5,380.25,40,40,20,1,24389.82327779134,72954.41627502441,7.152557373046875,34340.450829156536,0,0.0,0.0,0.0,0.0,0.0,0.0,0.0,0.0,0.0,0,0,0,0,1,0,0,0,0,0,0,1.0,85.5,501,267,0.0,0.0,0.0,0.0,0.0,0.0,0.0,0.0,0.0,0.0,0.0,0.0,0.0,0.0,85.5,85.5,0,2,2,171,171
192.168.43.203,216.58.208.240,60048,443,6,2022-09-19 11:41:07,69375.03814697266,4929.727019039109,57.657625953673794,28.828812976836897,28.828812976836897,2,2,171,171,105.0,66.0,85.5,19.5,105.0,66.0,85.5,19.5,105,66,85.5,19.5,380.25,40,40,20,1,23125.01271565755,69297.55210876465,0.476837158203125,32648.930659433045,0,0.0,0.0,0.0,0.0,0.0,0.0,0.0,0.0,0.0,0,0,0,0,1,0,0,0,0,0,0,1.0,85.5,501,267,0.0,0.0,0.0,0.0,0.0,0.0,0.0,0.0,0.0,0.0,0.0,0.0,0.0,0.0,85.5,85.5,0,2,2,171,171
192.168.43.203,192.168.43.96,51866,53,17,2022-09-19 11:41:10,102123.73733520508,2213.0016575694895,19.58408546521672,9.79204273260836,9.79204273260836,1,1,89,137,89.0,89.0,89.0,0.0,137.0,137.0,137.0,0.0,137,89,113.0,24.0,576.0,8,8,8,1,0.0,0.0,0.0,0.0,0,0.0,0.0,0.0,0.0,0.0,0.0,0.0,0.0,0.0,0,0,0,0,1,0,0,0,0,0,0,1.0,113.0,0,0,0.0,0.0,0.0,0.0,0.0,0.0,0.0,0.0,0.0,0.0,0.0,0.0,0.0,0.0,89.0,137.0,0,1,1,89,137
192.168.43.203,35.224.170.84,50108,80,6,2022-09-19 11:41:10,925534.2483520508,1068.572018551396,11.885027506638378,6.4827422763482065,5.402285230290172,6,5,503,486,153.0,66.0,83.83333333333333,31.275212051861274,214.0,66.0,97.2,58.48213402399061,214,66,89.9090909090909,46.17841791347702,2132.4462809917354,120,100,20,1,92547.77431488037,310918.80798339844,-56.50520324707031,141243.10398123373,618397.9511260986,311025.38108825684,75.57868957519531,123679.59022521973,151282.8615710657,614615.4403686523,307431.9362640381,0.2384185791015625,153653.8600921631,153653.52771367258,0,0,0,0,1,0,0,0,0,0,0,0.8333333333333334,89.9090909090909,64240,508,310671.0910797119,306664.94369506836,308668.01738739014,2003.0736923217773,310918.80798339844,306580.7819366455,308157.44400024414,1959.1250554309304,0.0,0.0,0.0,0.0,0.0,0.0,83.83333333333333,97.2,0,6,5,503,486
192.168.43.203,44.239.126.203,38134,443,6,2022-09-19 11:41:13,386565.9236907959,750.1954575591704,7.7606426644052116,5.173761776270141,2.5868808881350707,2,1,178,112,112.0,66.0,89.0,23.0,112.0,112.0,112.0,0.0,112,66,96.66666666666667,21.684607956387456,470.2222222222222,40,20,20,1,193282.96184539795,386489.1529083252,76.77078247070312,193206.19106292725,0,0.0,0.0,0.0,0.0,0.0,0.0,0.0,0.0,0.0,0,0,0,0,1,0,0,0,0,0,0,0.5,96.66666666666667,501,425,0.0,0.0,0.0,0.0,0.0,0.0,0.0,0.0,0.0,0.0,0.0,0.0,0.0,0.0,89.0,112.0,0,2,1,178,112
192.168.43.203,192.168.43.96,50982,53,17,2022-09-19 11:41:14,32691.240310668945,5138.991313987324,61.178468023658624,30.589234011829312,30.589234011829312,1,1,76,92,76.0,76.0,76.0,0.0,92.0,92.0,92.0,0.0,92,76,84.0,8.0,64.0,8,8,8,1,0.0,0.0,0.0,0.0,0,0.0,0.0,0.0,0.0,0.0,0.0,0.0,0.0,0.0,0,0,0,0,1,0,0,0,0,0,0,1.0,84.0,0,0,0.0,0.0,0.0,0.0,0.0,0.0,0.0,0.0,0.0,0.0,0.0,0.0,0.0,0.0,76.0,92.0,0,1,1,76,92
192.168.43.203,192.168.43.96,37570,53,17,2022-09-19 11:41:14,2525.806427001953,60178.80007551444,791.8263167830847,395.91315839154237,395.91315839154237,1,1,76,76,76.0,76.0,76.0,0.0,76.0,76.0,76.0,0.0,76,76,76.0,0.0,0.0,8,8,8,1,0.0,0.0,0.0,0.0,0,0.0,0.0,0.0,0.0,0.0,0.0,0.0,0.0,0.0,0,0,0,0,1,0,0,0,0,0,0,1.0,76.0,0,0,0.0,0.0,0.0,0.0,0.0,0.0,0.0,0.0,0.0,0.0,0.0,0.0,0.0,0.0,76.0,76.0,0,1,1,76,76
192.168.43.203,192.168.43.96,52252,53,17,2022-09-19 11:41:14,5105.018615722656,29774.62208107603,391.77134317205304,195.88567158602652,195.88567158602652,1,1,76,76,76.0,76.0,76.0,0.0,76.0,76.0,76.0,0.0,76,76,76.0,0.0,0.0,8,8,8,1,0.0,0.0,0.0,0.0,0,0.0,0.0,0.0,0.0,0.0,0.0,0.0,0.0,0.0,0,0,0,0,1,0,0,0,0,0,0,1.0,76.0,0,0,0.0,0.0,0.0,0.0,0.0,0.0,0.0,0.0,0.0,0.0,0.0,0.0,0.0,0.0,76.0,76.0,0,1,1,76,76
192.168.43.203,35.186.194.58,41712,443,6,2022-09-19 11:41:14,441045.28427124023,6536.743737695135,38.54479484593038,20.4060678596102,18.13872698632018,9,8,1518,1365,717.0,66.0,168.66666666666666,200.81998572519285,652.0,66.0,170.625,194.22727505425183,717,66,169.58823529411765,197.74733100705865,39104.006920415224,180,160,20,4,27564.37659263611,117962.36038208008,-15.2587890625,40974.539654659806,365400.7911682129,203911.54289245605,21.696090698242188,45675.09889602661,67957.64737210033,355487.8234863281,117962.36038208008,0.0,50783.97478376116,46031.74199480518,0,0,0,0,1,0,0,0,0,0,0,0.8888888888888888,169.58823529411765,64240,267,117646.93260192871,67625.04577636719,88838.89516194661,21115.57181405144,85557.46078491211,32076.597213745117,68432.23571777344,19135.670491368717,0.0,0.0,0.0,0.0,0.0,0.0,168.66666666666666,170.625,0,9,8,1518,1365
192.168.43.203,35.241.24.90,47404,443,6,2022-09-19 11:41:18,134943.96209716797,2534.3853454794735,29.641933865257,14.8209669326285,14.8209669326285,2,2,171,171,105.0,66.0,85.5,19.5,105.0,66.0,85.5,19.5,105,66,85.5,19.5,380.25,40,40,20,1,44981.32069905599,134852.64778137207,0.476837158203125,63548.63552122297,0,0.0,0.0,0.0,0.0,0.0,0.0,0.0,0.0,0.0,0,0,0,0,1,0,0,0,0,0,0,1.0,85.5,501,267,0.0,0.0,0.0,0.0,0.0,0.0,0.0,0.0,0.0,0.0,0.0,0.0,0.0,0.0,85.5,85.5,0,2,2,171,171
192.168.43.203,35.244.233.98,34818,443,6,2022-09-19 11:41:19,85692.16728210449,3991.029878776581,46.678712032474635,23.339356016237318,23.339356016237318,2,2,171,171,105.0,66.0,85.5,19.5,105.0,66.0,85.5,19.5,105,66,85.5,19.5,380.25,40,40,20,1,28564.055760701496,85616.1117553711,18.835067749023438,40341.89871811317,0,0.0,0.0,0.0,0.0,0.0,0.0,0.0,0.0,0.0,0,0,0,0,1,0,0,0,0,0,0,1.0,85.5,501,276,0.0,0.0,0.0,0.0,0.0,0.0,0.0,0.0,0.0,0.0,0.0,0.0,0.0,0.0,85.5,85.5,0,2,2,171,171
192.168.43.203,40.76.174.66,38616,443,6,2022-09-19 11:41:20,2230048.656463623,473.9806895855691,4.484207091632631,2.6905242549795787,1.7936828366530526,6,4,676,381,276.0,54.0,112.66666666666667,79.37813860811356,131.0,54.0,95.25,27.39867697535777,276,54,105.7,64.44850657695646,4153.610000000001,120,80,20,3,247772.6936340332,1616289.1387939453,-94.41375732421875,499895.0397640759,2230048.656463623,1616289.1387939453,51.021575927734375,446009.7312927246,601175.8352006169,1945687.2940063477,1945685.863494873,0.2384185791015625,648562.4313354492,917204.77491598,0,0,0,0,1,0,0,0,0,0,0,0.6666666666666666,105.7,501,2048,1616238.1172180176,284121.7517852783,950179.934501648,666058.1827163696,1616209.9838256836,284200.90675354004,743208.8057200114,617578.5357506996,0.0,0.0,0.0,0.0,0.0,0.0,112.66666666666667,95.25,0,6,4,676,381
192.168.43.203,192.168.43.96,50058,53,17,2022-09-19 11:41:22,90357.30361938477,2467.9797987260745,22.13434797063744,11.06717398531872,11.06717398531872,1,1,72,151,72.0,72.0,72.0,0.0,151.0,151.0,151.0,0.0,151,72,111.5,39.5,1560.25,8,8,8,1,0.0,0.0,0.0,0.0,0,0.0,0.0,0.0,0.0,0.0,0.0,0.0,0.0,0.0,0,0,0,0,1,0,0,0,0,0,0,1.0,111.5,0,0,0.0,0.0,0.0,0.0,0.0,0.0,0.0,0.0,0.0,0.0,0.0,0.0,0.0,0.0,72.0,151.0,0,1,1,72,151
192.168.43.203,192.168.43.96,38489,53,17,2022-09-19 11:41:22,162542.58155822754,1710.3210576264423,12.304468040478003,6.152234020239002,6.152234020239002,1,1,72,206,72.0,72.0,72.0,0.0,206.0,206.0,206.0,0.0,206,72,139.0,67.0,4489.0,8,8,8,1,0.0,0.0,0.0,0.0,0,0.0,0.0,0.0,0.0,0.0,0.0,0.0,0.0,0.0,0,0,0,0,1,0,0,0,0,0,0,1.0,139.0,0,0,0.0,0.0,0.0,0.0,0.0,0.0,0.0,0.0,0.0,0.0,0.0,0.0,0.0,0.0,72.0,206.0,0,1,1,72,206
192.168.43.203,192.168.43.96,50245,53,17,2022-09-19 11:41:22,2194.8814392089844,99321.9934825114,911.2109493808385,455.60547469041927,455.60547469041927,1,1,109,109,109.0,109.0,109.0,0.0,109.0,109.0,109.0,0.0,109,109,109.0,0.0,0.0,8,8,8,1,0.0,0.0,0.0,0.0,0,0.0,0.0,0.0,0.0,0.0,0.0,0.0,0.0,0.0,0,0,0,0,1,0,0,0,0,0,0,1.0,109.0,0,0,0.0,0.0,0.0,0.0,0.0,0.0,0.0,0.0,0.0,0.0,0.0,0.0,0.0,0.0,109.0,109.0,0,1,1,109,109
34.218.168.248,192.168.43.203,443,42266,6,2022-09-19 11:41:25,614428.0433654785,537.0848605679722,6.510119522036026,3.255059761018013,3.255059761018013,2,2,163,167,97.0,66.0,81.5,15.5,101.0,66.0,83.5,17.5,101,66,82.5,16.560495161679196,274.25,40,40,20,1,204809.34778849283,613999.3667602539,114.67933654785156,289341.0486507715,0,0.0,0.0,0.0,0.0,0.0,0.0,0.0,0.0,0.0,0,0,0,0,1,0,0,0,0,0,0,1.0,82.5,122,501,0.0,0.0,0.0,0.0,0.0,0.0,0.0,0.0,0.0,0.0,0.0,0.0,0.0,0.0,81.5,83.5,0,2,2,163,167
192.168.43.203,34.107.204.85,57170,443,6,2022-09-19 11:41:35,121555.08995056152,2813.539113327933,32.90689021436179,16.453445107180894,16.453445107180894,2,2,171,171,105.0,66.0,85.5,19.5,105.0,66.0,85.5,19.5,105,66,85.5,19.5,380.25,40,40,20,1,40518.36331685384,79679.48913574219,0.476837158203125,32542.96493189181,0,0.0,0.0,0.0,0.0,0.0,0.0,0.0,0.0,0.0,0,0,0,0,1,0,0,0,0,0,0,1.0,85.5,501,340,0.0,0.0,0.0,0.0,79679.48913574219,41874.64714050293,60777.06813812256,18902.42099761963,0.0,0.0,0.0,0.0,0.0,0.0,85.5,85.5,0,2,2,171,171
192.168.43.203,192.168.43.96,44622,53,17,2022-09-19 11:41:37,103115.79704284668,2094.732390132694,19.395670279006424,9.697835139503212,9.697835139503212,1,1,76,140,76.0,76.0,76.0,0.0,140.0,140.0,140.0,0.0,140,76,108.0,32.0,1024.0,8,8,8,1,0.0,0.0,0.0,0.0,0,0.0,0.0,0.0,0.0,0.0,0.0,0.0,0.0,0.0,0,0,0,0,1,0,0,0,0,0,0,1.0,108.0,0,0,0.0,0.0,0.0,0.0,0.0,0.0,0.0,0.0,0.0,0.0,0.0,0.0,0.0,0.0,76.0,140.0,0,1,1,76,140
192.168.43.203,192.168.43.96,34836,53,17,2022-09-19 11:41:37,103160.38131713867,2093.8270801458793,19.387287779128513,9.693643889564257,9.693643889564257,1,1,76,140,76.0,76.0,76.0,0.0,140.0,140.0,140.0,0.0,140,76,108.0,32.0,1024.0,8,8,8,1,0.0,0.0,0.0,0.0,0,0.0,0.0,0.0,0.0,0.0,0.0,0.0,0.0,0.0,0,0,0,0,1,0,0,0,0,0,0,1.0,108.0,0,0,0.0,0.0,0.0,0.0,0.0,0.0,0.0,0.0,0.0,0.0,0.0,0.0,0.0,0.0,76.0,140.0,0,1,1,76,140
192.168.43.203,34.117.237.239,52572,443,6,2022-09-19 11:41:37,90877.05612182617,4324.523887230235,55.01938787824727,33.01163272694836,22.00775515129891,3,2,261,132,105.0,66.0,87.0,16.06237840420901,66.0,66.0,66.0,0.0,105,66,78.6,16.144348856488453,260.64,60,40,20,2,22719.264030456543,90323.68659973145,0.2384185791015625,39031.976362270434,90877.05612182617,90356.34994506836,520.7061767578125,45438.528060913086,44917.82188415527,0.0,0.0,0.0,0.0,0.0,0,0,0,0,1,0,0,0,0,0,0,0.6666666666666666,78.6,501,285,0.0,0.0,0.0,0.0,0.0,0.0,0.0,0.0,0.0,0.0,0.0,0.0,0.0,0.0,87.0,66.0,0,3,2,261,132
192.168.43.203,192.168.43.96,53602,53,17,2022-09-19 11:41:39,28894.424438476562,5814.270512905142,69.2175061060136,34.6087530530068,34.6087530530068,1,1,76,92,76.0,76.0,76.0,0.0,92.0,92.0,92.0,0.0,92,76,84.0,8.0,64.0,8,8,8,1,0.0,0.0,0.0,0.0,0,0.0,0.0,0.0,0.0,0.0,0.0,0.0,0.0,0.0,0,0,0,0,1,0,0,0,0,0,0,1.0,84.0,0,0,0.0,0.0,0.0,0.0,0.0,0.0,0.0,0.0,0.0,0.0,0.0,0.0,0.0,0.0,76.0,92.0,0,1,1,76,92
192.168.43.203,192.168.43.96,37179,53,17,2022-09-19 11:41:39,3420.114517211914,44442.95629139073,584.7757406761938,292.3878703380969,292.3878703380969,1,1,76,76,76.0,76.0,76.0,0.0,76.0,76.0,76.0,0.0,76,76,76.0,0.0,0.0,8,8,8,1,0.0,0.0,0.0,0.0,0,0.0,0.0,0.0,0.0,0.0,0.0,0.0,0.0,0.0,0,0,0,0,1,0,0,0,0,0,0,1.0,76.0,0,0,0.0,0.0,0.0,0.0,0.0,0.0,0.0,0.0,0.0,0.0,0.0,0.0,0.0,0.0,76.0,76.0,0,1,1,76,76
192.168.43.203,192.168.43.96,48183,53,17,2022-09-19 11:41:39,166114.56871032715,963.1906535483362,12.039883169354201,6.019941584677101,6.019941584677101,1,1,72,88,72.0,72.0,72.0,0.0,88.0,88.0,88.0,0.0,88,72,80.0,8.0,64.0,8,8,8,1,0.0,0.0,0.0,0.0,0,0.0,0.0,0.0,0.0,0.0,0.0,0.0,0.0,0.0,0,0,0,0,1,0,0,0,0,0,0,1.0,80.0,0,0,0.0,0.0,0.0,0.0,0.0,0.0,0.0,0.0,0.0,0.0,0.0,0.0,0.0,0.0,72.0,88.0,0,1,1,72,88
192.168.43.203,192.168.43.96,47940,53,17,2022-09-19 11:41:40,2119.779586791992,67931.5910471263,943.4943200989765,471.74716004948823,471.74716004948823,1,1,72,72,72.0,72.0,72.0,0.0,72.0,72.0,72.0,0.0,72,72,72.0,0.0,0.0,8,8,8,1,0.0,0.0,0.0,0.0,0,0.0,0.0,0.0,0.0,0.0,0.0,0.0,0.0,0.0,0,0,0,0,1,0,0,0,0,0,0,1.0,72.0,0,0,0.0,0.0,0.0,0.0,0.0,0.0,0.0,0.0,0.0,0.0,0.0,0.0,0.0,0.0,72.0,72.0,0,1,1,72,72
192.168.43.203,192.168.43.96,42056,53,17,2022-09-19 11:41:40,5421.40007019043,28774.85483090725,368.9083952680417,184.45419763402086,184.45419763402086,1,1,78,78,78.0,78.0,78.0,0.0,78.0,78.0,78.0,0.0,78,78,78.0,0.0,0.0,8,8,8,1,0.0,0.0,0.0,0.0,0,0.0,0.0,0.0,0.0,0.0,0.0,0.0,0.0,0.0,0,0,0,0,1,0,0,0,0,0,0,1.0,78.0,0,0,0.0,0.0,0.0,0.0,0.0,0.0,0.0,0.0,0.0,0.0,0.0,0.0,0.0,0.0,78.0,78.0,0,1,1,78,78
192.168.43.203,192.168.43.96,60107,53,17,2022-09-19 11:41:40,77029.46662902832,2388.696274974078,25.964089945370414,12.982044972685207,12.982044972685207,1,1,84,100,84.0,84.0,84.0,0.0,100.0,100.0,100.0,0.0,100,84,92.0,8.0,64.0,8,8,8,1,0.0,0.0,0.0,0.0,0,0.0,0.0,0.0,0.0,0.0,0.0,0.0,0.0,0.0,0,0,0,0,1,0,0,0,0,0,0,1.0,92.0,0,0,0.0,0.0,0.0,0.0,0.0,0.0,0.0,0.0,0.0,0.0,0.0,0.0,0.0,0.0,84.0,100.0,0,1,1,84,100
192.168.43.203,192.168.43.96,32832,53,17,2022-09-19 11:41:40,73840.85655212402,3412.744810484613,27.085276273687406,13.542638136843703,13.542638136843703,1,1,83,169,83.0,83.0,83.0,0.0,169.0,169.0,169.0,0.0,169,83,126.0,43.0,1849.0,8,8,8,1,0.0,0.0,0.0,0.0,0,0.0,0.0,0.0,0.0,0.0,0.0,0.0,0.0,0.0,0,0,0,0,1,0,0,0,0,0,0,1.0,126.0,0,0,0.0,0.0,0.0,0.0,0.0,0.0,0.0,0.0,0.0,0.0,0.0,0.0,0.0,0.0,83.0,169.0,0,1,1,83,169
192.168.43.203,192.168.43.96,45250,53,17,2022-09-19 11:41:40,74170.35102844238,4044.7428903896907,26.964952602597936,13.482476301298968,13.482476301298968,1,1,83,217,83.0,83.0,83.0,0.0,217.0,217.0,217.0,0.0,217,83,150.0,67.0,4489.0,8,8,8,1,0.0,0.0,0.0,0.0,0,0.0,0.0,0.0,0.0,0.0,0.0,0.0,0.0,0.0,0,0,0,0,1,0,0,0,0,0,0,1.0,150.0,0,0,0.0,0.0,0.0,0.0,0.0,0.0,0.0,0.0,0.0,0.0,0.0,0.0,0.0,0.0,83.0,217.0,0,1,1,83,217
192.168.43.203,192.168.43.96,34405,53,17,2022-09-19 11:41:40,73447.46589660645,2586.8829874602757,27.230347236423956,13.615173618211978,13.615173618211978,1,1,79,111,79.0,79.0,79.0,0.0,111.0,111.0,111.0,0.0,111,79,95.0,16.0,256.0,8,8,8,1,0.0,0.0,0.0,0.0,0,0.0,0.0,0.0,0.0,0.0,0.0,0.0,0.0,0.0,0,0,0,0,1,0,0,0,0,0,0,1.0,95.0,0,0,0.0,0.0,0.0,0.0,0.0,0.0,0.0,0.0,0.0,0.0,0.0,0.0,0.0,0.0,79.0,111.0,0,1,1,79,111
192.168.43.203,192.168.43.96,57757,53,17,2022-09-19 11:41:40,73353.29055786133,3244.5715548679414,27.26530718376421,13.632653591882105,13.632653591882105,1,1,79,159,79.0,79.0,79.0,0.0,159.0,159.0,159.0,0.0,159,79,119.0,40.0,1600.0,8,8,8,1,0.0,0.0,0.0,0.0,0,0.0,0.0,0.0,0.0,0.0,0.0,0.0,0.0,0.0,0,0,0,0,1,0,0,0,0,0,0,1.0,119.0,0,0,0.0,0.0,0.0,0.0,0.0,0.0,0.0,0.0,0.0,0.0,0.0,0.0,0.0,0.0,79.0,159.0,0,1,1,79,159
192.168.43.203,192.168.43.96,42497,53,17,2022-09-19 11:41:40,87348.46115112305,2243.8861248041576,22.89679719187916,11.44839859593958,11.44839859593958,1,1,84,112,84.0,84.0,84.0,0.0,112.0,112.0,112.0,0.0,112,84,98.0,14.0,196.0,8,8,8,1,0.0,0.0,0.0,0.0,0,0.0,0.0,0.0,0.0,0.0,0.0,0.0,0.0,0.0,0,0,0,0,1,0,0,0,0,0,0,1.0,98.0,0,0,0.0,0.0,0.0,0.0,0.0,0.0,0.0,0.0,0.0,0.0,0.0,0.0,0.0,0.0,84.0,112.0,0,1,1,84,112
192.168.43.203,185.125.188.58,48108,443,6,2022-09-19 11:41:37,6950541.973114014,8368.843785852185,9.927283407093261,5.323325884963053,4.603957522130208,37,32,11708,46460,1442.0,66.0,316.43243243243245,497.99536199623276,2818.0,54.0,1451.875,1133.2440643458053,2818,54,843.0144927536232,1024.3001215075565,1049190.738920395,740,640,20,10,102197.44023154763,4807953.834533691,-284.9102020263672,583813.1811730943,6766140.2225494385,4808070.659637451,6.4373016357421875,187948.33951526217,792031.6486812696,6738052.3681640625,4808248.75831604,0.0,217356.52800529235,858296.8063525367,0,0,0,0,1,0,0,0,0,0,0,0.8648648648648649,843.0144927536232,64240,0,4807875.633239746,18321.514129638672,747787.7404954699,1446029.4948088168,4807666.301727295,9429.931640625,576207.6179186503,1287551.668023531,4485.0,4.0,39421.0,19.0,2798490.5444808095,127055.29171507785,316.43243243243245,1451.875,0,37,32,11708,46460
192.168.43.203,192.168.43.96,60956,53,17,2022-09-19 11:41:40,216923.47526550293,792.9063453804667,9.219841225354264,4.609920612677132,4.609920612677132,1,1,78,94,78.0,78.0,78.0,0.0,94.0,94.0,94.0,0.0,94,78,86.0,8.0,64.0,8,8,8,1,0.0,0.0,0.0,0.0,0,0.0,0.0,0.0,0.0,0.0,0.0,0.0,0.0,0.0,0,0,0,0,1,0,0,0,0,0,0,1.0,86.0,0,0,0.0,0.0,0.0,0.0,0.0,0.0,0.0,0.0,0.0,0.0,0.0,0.0,0.0,0.0,78.0,94.0,0,1,1,78,94
192.168.43.203,173.194.76.155,59529,443,17,2022-09-19 11:41:40,616218.5668945312,8368.783865096757,22.71921157869975,8.11400413524991,14.605207443449839,5,9,2165,2992,1399.0,73.0,433.0,498.6770498027756,1399.0,70.0,332.44444444444446,426.66982059019494,1399,70,368.35714285714283,456.25174866872044,208165.65816326524,40,72,8,5,47401.42822265625,222134.11331176758,0.2384185791015625,83308.27676551418,403861.99951171875,224498.27194213867,317.0967102050781,100965.49987792969,101609.4264404228,394084.4535827637,212790.72761535645,0.2384185791015625,49260.55669784546,79814.08590181914,0,0,0,0,1,0,0,0,0,0,0,1.8,368.35714285714283,0,0,221817.0166015625,156278.13339233398,189047.57499694824,32769.44160461426,222134.11331176758,20428.180694580078,147612.92934417725,80623.66801563068,0.0,0.0,180.0,4.0,0.0,1148.1422588288253,433.0,332.44444444444446,0,5,9,2165,2992
192.168.43.203,173.194.76.155,54966,443,6,2022-09-19 11:41:41,565010.7860565186,6132.626288754411,28.31804346899584,15.928899451310158,12.389144017685679,9,7,2134,1331,1307.0,66.0,237.11111111111111,382.3359326980643,834.0,66.0,190.14285714285714,263.71327967614945,1307,66,216.5625,336.4451977570047,113195.37109375,180,140,20,4,37666.67048136393,193930.38749694824,-10.728836059570312,74120.62426089225,371080.3985595703,194747.6863861084,11.920928955078125,46385.04981994629,79090.78322679237,393848.4191894531,194943.66645812988,0.2384185791015625,65641.40319824219,91430.56927882627,0,0,0,0,1,0,0,0,0,0,0,0.7777777777777778,216.5625,64240,276,190770.38764953613,170625.6866455078,180698.03714752197,10072.35050201416,192949.2950439453,171162.36686706543,185108.82059733072,9887.02169868525,0.0,0.0,0.0,0.0,0.0,0.0,237.11111111111111,190.14285714285714,0,9,7,2134,1331
192.168.43.203,142.250.181.14,44460,443,6,2022-09-19 11:41:41,335424.18479919434,10923.481865785847,56.64469308131307,29.812996358585828,26.831696722727244,10,9,2201,1463,1308.0,66.0,220.1,366.3485908257326,834.0,66.0,162.55555555555554,238.23103217540324,1308,66,192.8421052631579,313.6025414702829,98346.5540166205,200,180,20,5,18634.676933288574,110545.87364196777,0.0,35071.06195439934,248834.37156677246,175984.85946655273,34.332275390625,27648.263507419164,56296.80010267709,268965.9595489502,110545.87364196777,0.0,33620.744943618774,44187.94221142737,0,0,0,0,1,0,0,0,0,0,0,0.9,192.8421052631579,64240,276,109480.38101196289,65193.891525268555,80362.87625630696,20595.212970034867,110545.87364196777,65150.02250671387,81911.44466400146,18388.146372666095,0.0,0.0,0.0,0.0,0.0,0.0,220.1,162.55555555555554,0,10,9,2201,1463
192.168.43.203,192.168.43.96,59354,53,17,2022-09-19 11:41:41,7219.552993774414,21885.011459330934,277.02546151051814,138.51273075525907,138.51273075525907,1,1,79,79,79.0,79.0,79.0,0.0,79.0,79.0,79.0,0.0,79,79,79.0,0.0,0.0,8,8,8,1,0.0,0.0,0.0,0.0,0,0.0,0.0,0.0,0.0,0.0,0.0,0.0,0.0,0.0,0,0,0,0,1,0,0,0,0,0,0,1.0,79.0,0,0,0.0,0.0,0.0,0.0,0.0,0.0,0.0,0.0,0.0,0.0,0.0,0.0,0.0,0.0,79.0,79.0,0,1,1,79,79
192.168.43.203,192.168.43.96,36527,53,17,2022-09-19 11:41:41,32569.64683532715,5403.804373128756,61.40686787646314,30.70343393823157,30.70343393823157,1,1,74,102,74.0,74.0,74.0,0.0,102.0,102.0,102.0,0.0,102,74,88.0,14.0,196.0,8,8,8,1,0.0,0.0,0.0,0.0,0,0.0,0.0,0.0,0.0,0.0,0.0,0.0,0.0,0.0,0,0,0,0,1,0,0,0,0,0,0,1.0,88.0,0,0,0.0,0.0,0.0,0.0,0.0,0.0,0.0,0.0,0.0,0.0,0.0,0.0,0.0,0.0,74.0,102.0,0,1,1,74,102
192.168.43.203,192.168.43.96,60143,53,17,2022-09-19 11:41:41,29993.295669555664,5667.933323264521,66.68156850899436,33.34078425449718,33.34078425449718,1,1,77,93,77.0,77.0,77.0,0.0,93.0,93.0,93.0,0.0,93,77,85.0,8.0,64.0,8,8,8,1,0.0,0.0,0.0,0.0,0,0.0,0.0,0.0,0.0,0.0,0.0,0.0,0.0,0.0,0,0,0,0,1,0,0,0,0,0,0,1.0,85.0,0,0,0.0,0.0,0.0,0.0,0.0,0.0,0.0,0.0,0.0,0.0,0.0,0.0,0.0,0.0,77.0,93.0,0,1,1,77,93
192.168.43.203,192.168.43.96,52100,53,17,2022-09-19 11:41:41,40123.22425842285,4536.026288111522,49.84644272650025,24.923221363250125,24.923221363250125,1,1,77,105,77.0,77.0,77.0,0.0,105.0,105.0,105.0,0.0,105,77,91.0,14.0,196.0,8,8,8,1,0.0,0.0,0.0,0.0,0,0.0,0.0,0.0,0.0,0.0,0.0,0.0,0.0,0.0,0,0,0,0,1,0,0,0,0,0,0,1.0,91.0,0,0,0.0,0.0,0.0,0.0,0.0,0.0,0.0,0.0,0.0,0.0,0.0,0.0,0.0,0.0,77.0,105.0,0,1,1,77,105
192.168.43.203,216.58.208.228,59250,443,6,2022-09-19 11:41:41,490671.15783691406,9625.591242862085,59.102719890535774,30.570372357173678,28.5323475333621,15,14,2324,2399,725.0,66.0,154.93333333333334,197.03315005912637,834.0,66.0,171.35714285714286,217.36592161042864,834,66,162.86206896551724,207.2609090574139,42957.08442330559,300,280,20,6,17520.0275012425,102139.23454284668,-67.71087646484375,32401.869987512233,409575.2239227295,200864.07661437988,8.58306884765625,29255.37313733782,58930.73074532917,398973.4649658203,102139.23454284668,0.0,30690.266535832332,37779.746175362874,0,0,0,0,1,0,0,0,0,0,0,0.9333333333333333,162.86206896551724,64240,267,101001.97792053223,37227.39219665527,74880.64765930176,21921.85071188572,91697.69287109375,23547.17254638672,65071.31031581334,22764.217899356267,0.0,0.0,606.0,4.0,0.0,2200647.812987013,154.93333333333334,171.35714285714286,0,15,14,2324,2399
192.168.43.203,142.250.181.3,37319,443,17,2022-09-19 11:41:41,465574.9797821045,13303.97952849373,30.07034442991802,10.73940872497072,19.330935704947297,5,9,1823,4371,1399.0,73.0,364.6,519.4276080456257,1399.0,70.0,485.6666666666667,528.083537162656,1399,70,442.42857142857144,528.203655838178,278999.10204081633,40,72,8,5,35813.459983238805,129391.43180847168,0.0,48284.423666911716,368782.52029418945,223786.3540649414,1058.816909790039,92195.63007354736,85829.09483100673,336183.5479736328,117444.51522827148,0.0,42022.9434967041,51358.22924405246,0,0,0,0,1,0,0,0,0,0,0,1.8,442.42857142857144,0,0,124929.18968200684,110157.01293945312,117543.10131072998,7386.0883712768555,129391.43180847168,8234.262466430664,66375.732421875,48875.28710924336,0.0,0.0,3385.0,5.0,0.0,37639.26522713114,364.6,485.6666666666667,0,5,9,1823,4371
192.168.43.203,192.168.43.96,41721,53,17,2022-09-19 11:41:44,4640.5792236328125,32754.531853678585,430.98068228524454,215.49034114262227,215.49034114262227,1,1,76,76,76.0,76.0,76.0,0.0,76.0,76.0,76.0,0.0,76,76,76.0,0.0,0.0,8,8,8,1,0.0,0.0,0.0,0.0,0,0.0,0.0,0.0,0.0,0.0,0.0,0.0,0.0,0.0,0,0,0,0,1,0,0,0,0,0,0,1.0,76.0,0,0,0.0,0.0,0.0,0.0,0.0,0.0,0.0,0.0,0.0,0.0,0.0,0.0,0.0,0.0,76.0,76.0,0,1,1,76,76
192.168.43.203,192.168.43.96,36324,53,17,2022-09-19 11:41:44,4008.5315704345703,37919.12258371498,498.935823469934,249.467911734967,249.467911734967,1,1,76,76,76.0,76.0,76.0,0.0,76.0,76.0,76.0,0.0,76,76,76.0,0.0,0.0,8,8,8,1,0.0,0.0,0.0,0.0,0,0.0,0.0,0.0,0.0,0.0,0.0,0.0,0.0,0.0,0,0,0,0,1,0,0,0,0,0,0,1.0,76.0,0,0,0.0,0.0,0.0,0.0,0.0,0.0,0.0,0.0,0.0,0.0,0.0,0.0,0.0,0.0,76.0,76.0,0,1,1,76,76
172.67.68.36,192.168.43.203,443,59452,6,2022-09-19 11:40:46,102294677.97279358,10.557734003397892,0.14663519449163737,0.09775679632775824,0.04887839816387912,10,5,665,415,79.0,54.0,66.5,12.5,83.0,83.0,83.0,0.0,83,54,72.0,12.832251036613439,164.66666666666666,200,100,20,5,7306762.712342398,25461400.270462036,940.0844573974609,11403428.095239926,102294677.97279358,25461400.270462036,129901.40914916992,11366075.330310397,12495736.733753748,102089958.66775513,25599318.265914917,25401886.224746704,25522489.66693878,80469.77932193593,0,0,0,0,1,0,0,0,0,0,0,0.5,72.0,8,501,25459973.81210327,1343.4886932373047,20268401.956558228,10133925.001226049,25332438.945770264,128021.240234375,11282522.06908332,12405430.645442633,0.0,0.0,0.0,0.0,0.0,0.0,66.5,83.0,0,10,5,665,415
192.168.43.203,34.117.46.154,45456,443,6,2022-09-19 11:41:41,12815741.300582886,356.5927161616587,1.8726969776542253,0.8583194480915199,1.0143775295627053,11,13,3239,1331,1099.0,66.0,294.45454545454544,388.16757478658934,231.0,66.0,102.38461538461539,46.16615220556567,1099,66,190.41666666666666,281.73050312113685,79372.07638888889,220,260,20,6,557204.992874809,10663184.642791748,-13.3514404296875,2169227.935062906,12722817.659378052,10734007.835388184,16.927719116210938,1272281.7659378052,3178125.5645292955,12750434.637069702,10747356.653213501,0.0,1062536.2197558086,2938426.428763153,0,0,0,0,1,0,0,0,0,0,0,1.1818181818181819,190.41666666666666,501,288,10663028.955459595,1760.721206665039,2100944.717725118,3848473.6845428227,10592361.450195312,61785.221099853516,1813581.5007346016,3601766.0950318226,0.0,0.0,287.0,4.0,0.0,1077677.0349149508,294.45454545454544,102.38461538461539,0,11,13,3239,1331
192.168.43.203,192.168.43.96,49801,53,17,2022-09-19 11:41:46,39376.97410583496,7009.172397507856,50.79110432976707,25.395552164883537,25.395552164883537,1,1,74,202,74.0,74.0,74.0,0.0,202.0,202.0,202.0,0.0,202,74,138.0,64.0,4096.0,8,8,8,1,0.0,0.0,0.0,0.0,0,0.0,0.0,0.0,0.0,0.0,0.0,0.0,0.0,0.0,0,0,0,0,1,0,0,0,0,0,0,1.0,138.0,0,0,0.0,0.0,0.0,0.0,0.0,0.0,0.0,0.0,0.0,0.0,0.0,0.0,0.0,0.0,74.0,202.0,0,1,1,74,202
192.168.43.203,192.168.43.96,53236,53,17,2022-09-19 11:41:46,39337.158203125,5897.731574864236,50.842513576415826,25.421256788207913,25.421256788207913,1,1,74,158,74.0,74.0,74.0,0.0,158.0,158.0,158.0,0.0,158,74,116.0,42.0,1764.0,8,8,8,1,0.0,0.0,0.0,0.0,0,0.0,0.0,0.0,0.0,0.0,0.0,0.0,0.0,0.0,0,0,0,0,1,0,0,0,0,0,0,1.0,116.0,0,0,0.0,0.0,0.0,0.0,0.0,0.0,0.0,0.0,0.0,0.0,0.0,0.0,0.0,0.0,74.0,158.0,0,1,1,74,158
192.168.43.203,192.168.43.96,34354,53,17,2022-09-19 11:41:49,70192.09861755371,2165.4859021694456,28.493235554861126,14.246617777430563,14.246617777430563,1,1,76,76,76.0,76.0,76.0,0.0,76.0,76.0,76.0,0.0,76,76,76.0,0.0,0.0,8,8,8,1,0.0,0.0,0.0,0.0,0,0.0,0.0,0.0,0.0,0.0,0.0,0.0,0.0,0.0,0,0,0,0,1,0,0,0,0,0,0,1.0,76.0,0,0,0.0,0.0,0.0,0.0,0.0,0.0,0.0,0.0,0.0,0.0,0.0,0.0,0.0,0.0,76.0,76.0,0,1,1,76,76
192.168.43.203,34.120.195.249,48268,443,6,2022-09-19 11:41:52,74553.25126647949,5271.399882954534,67.0661562716862,40.239693763011715,26.826462508674474,3,2,261,132,105.0,66.0,87.0,16.06237840420901,66.0,66.0,66.0,0.0,105,66,78.6,16.144348856488453,260.64,60,40,20,2,18638.312816619873,74098.82545471191,24.318695068359375,32020.272124457148,74553.25126647949,74270.72525024414,282.52601623535156,37276.625633239746,36994.099617004395,0.0,0.0,0.0,0.0,0.0,0,0,0,0,1,0,0,0,0,0,0,0.6666666666666666,78.6,501,276,0.0,0.0,0.0,0.0,0.0,0.0,0.0,0.0,0.0,0.0,0.0,0.0,0.0,0.0,87.0,66.0,0,3,2,261,132
192.168.43.203,192.168.43.96,39669,53,17,2022-09-19 11:41:52,3303.52783203125,47222.244803695154,605.4133949191686,302.7066974595843,302.7066974595843,1,1,78,78,78.0,78.0,78.0,0.0,78.0,78.0,78.0,0.0,78,78,78.0,0.0,0.0,8,8,8,1,0.0,0.0,0.0,0.0,0,0.0,0.0,0.0,0.0,0.0,0.0,0.0,0.0,0.0,0,0,0,0,1,0,0,0,0,0,0,1.0,78.0,0,0,0.0,0.0,0.0,0.0,0.0,0.0,0.0,0.0,0.0,0.0,0.0,0.0,0.0,0.0,78.0,78.0,0,1,1,78,78
192.168.43.203,192.168.43.96,51290,53,17,2022-09-19 11:41:52,2235.1741790771484,70688.00341333334,894.7848533333333,447.39242666666667,447.39242666666667,1,1,79,79,79.0,79.0,79.0,0.0,79.0,79.0,79.0,0.0,79,79,79.0,0.0,0.0,8,8,8,1,0.0,0.0,0.0,0.0,0,0.0,0.0,0.0,0.0,0.0,0.0,0.0,0.0,0.0,0,0,0,0,1,0,0,0,0,0,0,1.0,79.0,0,0,0.0,0.0,0.0,0.0,0.0,0.0,0.0,0.0,0.0,0.0,0.0,0.0,0.0,0.0,79.0,79.0,0,1,1,79,79
192.168.43.203,192.168.43.96,44366,53,17,2022-09-19 11:41:52,1780.7483673095703,87603.61815504084,1123.1233096800106,561.5616548400053,561.5616548400053,1,1,78,78,78.0,78.0,78.0,0.0,78.0,78.0,78.0,0.0,78,78,78.0,0.0,0.0,8,8,8,1,0.0,0.0,0.0,0.0,0,0.0,0.0,0.0,0.0,0.0,0.0,0.0,0.0,0.0,0,0,0,0,1,0,0,0,0,0,0,1.0,78.0,0,0,0.0,0.0,0.0,0.0,0.0,0.0,0.0,0.0,0.0,0.0,0.0,0.0,0.0,0.0,78.0,78.0,0,1,1,78,78
192.168.43.203,192.168.43.96,39221,53,17,2022-09-19 11:41:52,1636.0282897949219,95352.87438064704,1222.472748469834,611.236374234917,611.236374234917,1,1,78,78,78.0,78.0,78.0,0.0,78.0,78.0,78.0,0.0,78,78,78.0,0.0,0.0,8,8,8,1,0.0,0.0,0.0,0.0,0,0.0,0.0,0.0,0.0,0.0,0.0,0.0,0.0,0.0,0,0,0,0,1,0,0,0,0,0,0,1.0,78.0,0,0,0.0,0.0,0.0,0.0,0.0,0.0,0.0,0.0,0.0,0.0,0.0,0.0,0.0,0.0,78.0,78.0,0,1,1,78,78
192.168.43.203,192.168.43.96,60811,53,17,2022-09-19 11:41:52,28488.874435424805,9687.992434576663,70.20284372881639,35.101421864408195,35.101421864408195,1,1,82,194,82.0,82.0,82.0,0.0,194.0,194.0,194.0,0.0,194,82,138.0,56.0,3136.0,8,8,8,1,0.0,0.0,0.0,0.0,0,0.0,0.0,0.0,0.0,0.0,0.0,0.0,0.0,0.0,0,0,0,0,1,0,0,0,0,0,0,1.0,138.0,0,0,0.0,0.0,0.0,0.0,0.0,0.0,0.0,0.0,0.0,0.0,0.0,0.0,0.0,0.0,82.0,194.0,0,1,1,82,194
192.168.43.203,192.168.43.96,36601,53,17,2022-09-19 11:41:52,171587.70561218262,1451.1529197947452,11.65584674533932,5.82792337266966,5.82792337266966,1,1,78,171,78.0,78.0,78.0,0.0,171.0,171.0,171.0,0.0,171,78,124.5,46.5,2162.25,8,8,8,1,0.0,0.0,0.0,0.0,0,0.0,0.0,0.0,0.0,0.0,0.0,0.0,0.0,0.0,0,0,0,0,1,0,0,0,0,0,0,1.0,124.5,0,0,0.0,0.0,0.0,0.0,0.0,0.0,0.0,0.0,0.0,0.0,0.0,0.0,0.0,0.0,78.0,171.0,0,1,1,78,171
192.168.43.203,192.168.43.96,49577,53,17,2022-09-19 11:41:52,4714.012145996094,33517.09650010115,424.2670443050779,212.13352215253894,212.13352215253894,1,1,79,79,79.0,79.0,79.0,0.0,79.0,79.0,79.0,0.0,79,79,79.0,0.0,0.0,8,8,8,1,0.0,0.0,0.0,0.0,0,0.0,0.0,0.0,0.0,0.0,0.0,0.0,0.0,0.0,0,0,0,0,1,0,0,0,0,0,0,1.0,79.0,0,0,0.0,0.0,0.0,0.0,0.0,0.0,0.0,0.0,0.0,0.0,0.0,0.0,0.0,0.0,79.0,79.0,0,1,1,79,79
192.168.43.203,192.168.43.96,54330,53,17,2022-09-19 11:41:52,4193.544387817383,37676.9590084712,476.92353175280005,238.46176587640002,238.46176587640002,1,1,79,79,79.0,79.0,79.0,0.0,79.0,79.0,79.0,0.0,79,79,79.0,0.0,0.0,8,8,8,1,0.0,0.0,0.0,0.0,0,0.0,0.0,0.0,0.0,0.0,0.0,0.0,0.0,0.0,0,0,0,0,1,0,0,0,0,0,0,1.0,79.0,0,0,0.0,0.0,0.0,0.0,0.0,0.0,0.0,0.0,0.0,0.0,0.0,0.0,0.0,0.0,79.0,79.0,0,1,1,79,79
192.168.43.203,192.168.43.96,48637,53,17,2022-09-19 11:41:52,3937.244415283203,40129.588954826206,507.9694804408381,253.98474022041904,253.98474022041904,1,1,79,79,79.0,79.0,79.0,0.0,79.0,79.0,79.0,0.0,79,79,79.0,0.0,0.0,8,8,8,1,0.0,0.0,0.0,0.0,0,0.0,0.0,0.0,0.0,0.0,0.0,0.0,0.0,0.0,0,0,0,0,1,0,0,0,0,0,0,1.0,79.0,0,0,0.0,0.0,0.0,0.0,0.0,0.0,0.0,0.0,0.0,0.0,0.0,0.0,0.0,0.0,79.0,79.0,0,1,1,79,79
192.168.43.203,192.168.43.96,54728,53,17,2022-09-19 11:41:53,1999.6166229248047,78014.95457255276,1000.1917252891379,500.09586264456897,500.09586264456897,1,1,78,78,78.0,78.0,78.0,0.0,78.0,78.0,78.0,0.0,78,78,78.0,0.0,0.0,8,8,8,1,0.0,0.0,0.0,0.0,0,0.0,0.0,0.0,0.0,0.0,0.0,0.0,0.0,0.0,0,0,0,0,1,0,0,0,0,0,0,1.0,78.0,0,0,0.0,0.0,0.0,0.0,0.0,0.0,0.0,0.0,0.0,0.0,0.0,0.0,0.0,0.0,78.0,78.0,0,1,1,78,78
192.168.43.203,192.168.43.96,33831,53,17,2022-09-19 11:41:53,2454.7576904296875,64364.804972804974,814.7443667443667,407.3721833721834,407.3721833721834,1,1,79,79,79.0,79.0,79.0,0.0,79.0,79.0,79.0,0.0,79,79,79.0,0.0,0.0,8,8,8,1,0.0,0.0,0.0,0.0,0,0.0,0.0,0.0,0.0,0.0,0.0,0.0,0.0,0.0,0,0,0,0,1,0,0,0,0,0,0,1.0,79.0,0,0,0.0,0.0,0.0,0.0,0.0,0.0,0.0,0.0,0.0,0.0,0.0,0.0,0.0,0.0,79.0,79.0,0,1,1,79,79
192.168.43.203,192.168.43.96,39097,53,17,2022-09-19 11:41:53,1454.1149139404297,107281.75504181013,1375.4071159206428,687.7035579603214,687.7035579603214,1,1,78,78,78.0,78.0,78.0,0.0,78.0,78.0,78.0,0.0,78,78,78.0,0.0,0.0,8,8,8,1,0.0,0.0,0.0,0.0,0,0.0,0.0,0.0,0.0,0.0,0.0,0.0,0.0,0.0,0,0,0,0,1,0,0,0,0,0,0,1.0,78.0,0,0,0.0,0.0,0.0,0.0,0.0,0.0,0.0,0.0,0.0,0.0,0.0,0.0,0.0,0.0,78.0,78.0,0,1,1,78,78
192.168.43.203,192.168.43.96,44576,53,17,2022-09-19 11:41:53,1693.0103302001953,92143.56062526404,1181.327700323898,590.663850161949,590.663850161949,1,1,78,78,78.0,78.0,78.0,0.0,78.0,78.0,78.0,0.0,78,78,78.0,0.0,0.0,8,8,8,1,0.0,0.0,0.0,0.0,0,0.0,0.0,0.0,0.0,0.0,0.0,0.0,0.0,0.0,0,0,0,0,1,0,0,0,0,0,0,1.0,78.0,0,0,0.0,0.0,0.0,0.0,0.0,0.0,0.0,0.0,0.0,0.0,0.0,0.0,0.0,0.0,78.0,78.0,0,1,1,78,78
192.168.43.203,192.168.43.96,57831,53,17,2022-09-19 11:41:53,3179.311752319336,49696.29036370454,629.0669666291714,314.5334833145857,314.5334833145857,1,1,79,79,79.0,79.0,79.0,0.0,79.0,79.0,79.0,0.0,79,79,79.0,0.0,0.0,8,8,8,1,0.0,0.0,0.0,0.0,0,0.0,0.0,0.0,0.0,0.0,0.0,0.0,0.0,0.0,0,0,0,0,1,0,0,0,0,0,0,1.0,79.0,0,0,0.0,0.0,0.0,0.0,0.0,0.0,0.0,0.0,0.0,0.0,0.0,0.0,0.0,0.0,79.0,79.0,0,1,1,79,79
192.168.43.203,192.168.43.96,60440,53,17,2022-09-19 11:41:53,3975.6298065185547,39742.130854572715,503.0649475262369,251.53247376311845,251.53247376311845,1,1,79,79,79.0,79.0,79.0,0.0,79.0,79.0,79.0,0.0,79,79,79.0,0.0,0.0,8,8,8,1,0.0,0.0,0.0,0.0,0,0.0,0.0,0.0,0.0,0.0,0.0,0.0,0.0,0.0,0,0,0,0,1,0,0,0,0,0,0,1.0,79.0,0,0,0.0,0.0,0.0,0.0,0.0,0.0,0.0,0.0,0.0,0.0,0.0,0.0,0.0,0.0,79.0,79.0,0,1,1,79,79
192.168.43.203,192.168.43.96,39072,53,17,2022-09-19 11:41:53,1664.1616821289062,93740.8916905444,1201.8063037249283,600.9031518624641,600.9031518624641,1,1,78,78,78.0,78.0,78.0,0.0,78.0,78.0,78.0,0.0,78,78,78.0,0.0,0.0,8,8,8,1,0.0,0.0,0.0,0.0,0,0.0,0.0,0.0,0.0,0.0,0.0,0.0,0.0,0.0,0,0,0,0,1,0,0,0,0,0,0,1.0,78.0,0,0,0.0,0.0,0.0,0.0,0.0,0.0,0.0,0.0,0.0,0.0,0.0,0.0,0.0,0.0,78.0,78.0,0,1,1,78,78
192.168.43.203,192.168.43.96,46339,53,17,2022-09-19 11:41:54,3040.313720703125,51968.32120451694,657.8268506900878,328.9134253450439,328.9134253450439,1,1,79,79,79.0,79.0,79.0,0.0,79.0,79.0,79.0,0.0,79,79,79.0,0.0,0.0,8,8,8,1,0.0,0.0,0.0,0.0,0,0.0,0.0,0.0,0.0,0.0,0.0,0.0,0.0,0.0,0,0,0,0,1,0,0,0,0,0,0,1.0,79.0,0,0,0.0,0.0,0.0,0.0,0.0,0.0,0.0,0.0,0.0,0.0,0.0,0.0,0.0,0.0,79.0,79.0,0,1,1,79,79
192.168.43.203,192.168.43.96,39962,53,17,2022-09-19 11:41:54,2320.0511932373047,67239.8955914089,862.0499434796013,431.02497173980066,431.02497173980066,1,1,78,78,78.0,78.0,78.0,0.0,78.0,78.0,78.0,0.0,78,78,78.0,0.0,0.0,8,8,8,1,0.0,0.0,0.0,0.0,0,0.0,0.0,0.0,0.0,0.0,0.0,0.0,0.0,0.0,0,0,0,0,1,0,0,0,0,0,0,1.0,78.0,0,0,0.0,0.0,0.0,0.0,0.0,0.0,0.0,0.0,0.0,0.0,0.0,0.0,0.0,0.0,78.0,78.0,0,1,1,78,78
192.168.43.203,192.168.43.96,39185,53,17,2022-09-19 11:41:54,3768.444061279297,41927.11830950272,530.7230165759838,265.3615082879919,265.3615082879919,1,1,79,79,79.0,79.0,79.0,0.0,79.0,79.0,79.0,0.0,79,79,79.0,0.0,0.0,8,8,8,1,0.0,0.0,0.0,0.0,0,0.0,0.0,0.0,0.0,0.0,0.0,0.0,0.0,0.0,0,0,0,0,1,0,0,0,0,0,0,1.0,79.0,0,0,0.0,0.0,0.0,0.0,0.0,0.0,0.0,0.0,0.0,0.0,0.0,0.0,0.0,0.0,79.0,79.0,0,1,1,79,79
192.168.43.203,192.168.43.96,60336,53,17,2022-09-19 11:41:54,5217.552185058594,29899.07804788887,383.32151343447265,191.66075671723632,191.66075671723632,1,1,78,78,78.0,78.0,78.0,0.0,78.0,78.0,78.0,0.0,78,78,78.0,0.0,0.0,8,8,8,1,0.0,0.0,0.0,0.0,0,0.0,0.0,0.0,0.0,0.0,0.0,0.0,0.0,0.0,0,0,0,0,1,0,0,0,0,0,0,1.0,78.0,0,0,0.0,0.0,0.0,0.0,0.0,0.0,0.0,0.0,0.0,0.0,0.0,0.0,0.0,0.0,78.0,78.0,0,1,1,78,78
192.168.43.203,192.168.43.96,39625,53,17,2022-09-19 11:41:54,1875.8773803710938,83161.08591764107,1066.1677681748856,533.0838840874428,533.0838840874428,1,1,78,78,78.0,78.0,78.0,0.0,78.0,78.0,78.0,0.0,78,78,78.0,0.0,0.0,8,8,8,1,0.0,0.0,0.0,0.0,0,0.0,0.0,0.0,0.0,0.0,0.0,0.0,0.0,0.0,0,0,0,0,1,0,0,0,0,0,0,1.0,78.0,0,0,0.0,0.0,0.0,0.0,0.0,0.0,0.0,0.0,0.0,0.0,0.0,0.0,0.0,0.0,78.0,78.0,0,1,1,78,78
192.168.43.203,192.168.43.96,59612,53,17,2022-09-19 11:41:54,3073.6923217773438,51403.97393732547,650.6832143965249,325.34160719826247,325.34160719826247,1,1,79,79,79.0,79.0,79.0,0.0,79.0,79.0,79.0,0.0,79,79,79.0,0.0,0.0,8,8,8,1,0.0,0.0,0.0,0.0,0,0.0,0.0,0.0,0.0,0.0,0.0,0.0,0.0,0.0,0,0,0,0,1,0,0,0,0,0,0,1.0,79.0,0,0,0.0,0.0,0.0,0.0,0.0,0.0,0.0,0.0,0.0,0.0,0.0,0.0,0.0,0.0,79.0,79.0,0,1,1,79,79
192.168.43.203,192.168.43.96,59223,53,17,2022-09-19 11:41:54,2588.510513305664,61038.96398636824,772.6451137514968,386.3225568757484,386.3225568757484,1,1,79,79,79.0,79.0,79.0,0.0,79.0,79.0,79.0,0.0,79,79,79.0,0.0,0.0,8,8,8,1,0.0,0.0,0.0,0.0,0,0.0,0.0,0.0,0.0,0.0,0.0,0.0,0.0,0.0,0,0,0,0,1,0,0,0,0,0,0,1.0,79.0,0,0,0.0,0.0,0.0,0.0,0.0,0.0,0.0,0.0,0.0,0.0,0.0,0.0,0.0,0.0,79.0,79.0,0,1,1,79,79
192.168.43.203,192.168.43.96,48999,53,17,2022-09-19 11:41:54,2221.5843200683594,70220.15711526078,900.2584245546254,450.1292122773127,450.1292122773127,1,1,78,78,78.0,78.0,78.0,0.0,78.0,78.0,78.0,0.0,78,78,78.0,0.0,0.0,8,8,8,1,0.0,0.0,0.0,0.0,0,0.0,0.0,0.0,0.0,0.0,0.0,0.0,0.0,0.0,0,0,0,0,1,0,0,0,0,0,0,1.0,78.0,0,0,0.0,0.0,0.0,0.0,0.0,0.0,0.0,0.0,0.0,0.0,0.0,0.0,0.0,0.0,78.0,78.0,0,1,1,78,78
192.168.43.203,192.168.43.96,57557,53,17,2022-09-19 11:41:54,2255.2013397216797,67399.74711914579,886.8387778834972,443.4193889417486,443.4193889417486,1,1,76,76,76.0,76.0,76.0,0.0,76.0,76.0,76.0,0.0,76,76,76.0,0.0,0.0,8,8,8,1,0.0,0.0,0.0,0.0,0,0.0,0.0,0.0,0.0,0.0,0.0,0.0,0.0,0.0,0,0,0,0,1,0,0,0,0,0,0,1.0,76.0,0,0,0.0,0.0,0.0,0.0,0.0,0.0,0.0,0.0,0.0,0.0,0.0,0.0,0.0,0.0,76.0,76.0,0,1,1,76,76
192.168.43.203,192.168.43.96,58742,53,17,2022-09-19 11:41:54,4892.826080322266,31883.414092193743,408.761719130689,204.3808595653445,204.3808595653445,1,1,78,78,78.0,78.0,78.0,0.0,78.0,78.0,78.0,0.0,78,78,78.0,0.0,0.0,8,8,8,1,0.0,0.0,0.0,0.0,0,0.0,0.0,0.0,0.0,0.0,0.0,0.0,0.0,0.0,0,0,0,0,1,0,0,0,0,0,0,1.0,78.0,0,0,0.0,0.0,0.0,0.0,0.0,0.0,0.0,0.0,0.0,0.0,0.0,0.0,0.0,0.0,78.0,78.0,0,1,1,78,78
192.168.43.203,192.168.43.96,58379,53,17,2022-09-19 11:41:55,2907.5145721435547,54341.94604346043,687.8727347273473,343.93636736367364,343.93636736367364,1,1,79,79,79.0,79.0,79.0,0.0,79.0,79.0,79.0,0.0,79,79,79.0,0.0,0.0,8,8,8,1,0.0,0.0,0.0,0.0,0,0.0,0.0,0.0,0.0,0.0,0.0,0.0,0.0,0.0,0,0,0,0,1,0,0,0,0,0,0,1.0,79.0,0,0,0.0,0.0,0.0,0.0,0.0,0.0,0.0,0.0,0.0,0.0,0.0,0.0,0.0,0.0,79.0,79.0,0,1,1,79,79
192.168.43.203,192.168.43.96,51045,53,17,2022-09-19 11:41:55,2927.064895629883,51929.15272460699,683.2783253237761,341.63916266188807,341.63916266188807,1,1,76,76,76.0,76.0,76.0,0.0,76.0,76.0,76.0,0.0,76,76,76.0,0.0,0.0,8,8,8,1,0.0,0.0,0.0,0.0,0,0.0,0.0,0.0,0.0,0.0,0.0,0.0,0.0,0.0,0,0,0,0,1,0,0,0,0,0,0,1.0,76.0,0,0,0.0,0.0,0.0,0.0,0.0,0.0,0.0,0.0,0.0,0.0,0.0,0.0,0.0,0.0,76.0,76.0,0,1,1,76,76
192.168.43.203,192.168.43.96,44452,53,17,2022-09-19 11:41:55,2158.1649780273438,72283.6305788776,926.7132125497128,463.3566062748564,463.3566062748564,1,1,78,78,78.0,78.0,78.0,0.0,78.0,78.0,78.0,0.0,78,78,78.0,0.0,0.0,8,8,8,1,0.0,0.0,0.0,0.0,0,0.0,0.0,0.0,0.0,0.0,0.0,0.0,0.0,0.0,0,0,0,0,1,0,0,0,0,0,0,1.0,78.0,0,0,0.0,0.0,0.0,0.0,0.0,0.0,0.0,0.0,0.0,0.0,0.0,0.0,0.0,0.0,78.0,78.0,0,1,1,78,78
192.168.43.203,192.168.43.96,33265,53,17,2022-09-19 11:41:55,2227.783203125,70922.52054794521,897.7534246575342,448.8767123287671,448.8767123287671,1,1,79,79,79.0,79.0,79.0,0.0,79.0,79.0,79.0,0.0,79,79,79.0,0.0,0.0,8,8,8,1,0.0,0.0,0.0,0.0,0,0.0,0.0,0.0,0.0,0.0,0.0,0.0,0.0,0.0,0,0,0,0,1,0,0,0,0,0,0,1.0,79.0,0,0,0.0,0.0,0.0,0.0,0.0,0.0,0.0,0.0,0.0,0.0,0.0,0.0,0.0,0.0,79.0,79.0,0,1,1,79,79
192.168.43.203,192.168.43.96,48716,53,17,2022-09-19 11:41:55,1722.8126525878906,91710.49432604483,1160.8923332410739,580.4461666205369,580.4461666205369,1,1,79,79,79.0,79.0,79.0,0.0,79.0,79.0,79.0,0.0,79,79,79.0,0.0,0.0,8,8,8,1,0.0,0.0,0.0,0.0,0,0.0,0.0,0.0,0.0,0.0,0.0,0.0,0.0,0.0,0,0,0,0,1,0,0,0,0,0,0,1.0,79.0,0,0,0.0,0.0,0.0,0.0,0.0,0.0,0.0,0.0,0.0,0.0,0.0,0.0,0.0,0.0,79.0,79.0,0,1,1,79,79
192.168.43.203,54.169.175.250,35984,443,6,2022-09-19 11:41:00,97981913.0897522,20.064927679041425,0.18370737447749014,0.09185368723874507,0.09185368723874507,9,9,1297,669,216.0,66.0,144.11111111111111,35.394426568299785,141.0,66.0,74.33333333333333,23.570226039551585,216,66,109.22222222222223,46.05860464374051,2121.395061728395,180,180,20,8,5763641.946456011,15836552.619934082,81.77757263183594,6593940.28693437,97752495.0504303,16001811.265945435,5716682.910919189,12219061.881303787,4178552.634371775,97789325.9525299,16076853.513717651,5613154.411315918,12223665.744066238,4214541.125669001,0,0,0,0,1,0,0,0,0,0,0,1.0,109.22222222222223,501,155,15643119.33517456,5339609.622955322,11524946.928024292,4268224.161877988,15671293.97392273,192587.13722229004,10610857.433742948,5377728.846857142,0.0,0.0,0.0,0.0,0.0,0.0,144.11111111111111,74.33333333333333,0,9,9,1297,669
192.168.43.203,192.168.43.96,45114,53,17,2022-09-19 11:41:56,4603.62434387207,33886.34439898493,434.4403128074991,217.22015640374954,217.22015640374954,1,1,78,78,78.0,78.0,78.0,0.0,78.0,78.0,78.0,0.0,78,78,78.0,0.0,0.0,8,8,8,1,0.0,0.0,0.0,0.0,0,0.0,0.0,0.0,0.0,0.0,0.0,0.0,0.0,0.0,0,0,0,0,1,0,0,0,0,0,0,1.0,78.0,0,0,0.0,0.0,0.0,0.0,0.0,0.0,0.0,0.0,0.0,0.0,0.0,0.0,0.0,0.0,78.0,78.0,0,1,1,78,78
192.168.43.203,192.168.43.96,48831,53,17,2022-09-19 11:41:56,2080.678939819336,75936.75169015699,961.224704938696,480.612352469348,480.612352469348,1,1,79,79,79.0,79.0,79.0,0.0,79.0,79.0,79.0,0.0,79,79,79.0,0.0,0.0,8,8,8,1,0.0,0.0,0.0,0.0,0,0.0,0.0,0.0,0.0,0.0,0.0,0.0,0.0,0.0,0,0,0,0,1,0,0,0,0,0,0,1.0,79.0,0,0,0.0,0.0,0.0,0.0,0.0,0.0,0.0,0.0,0.0,0.0,0.0,0.0,0.0,0.0,79.0,79.0,0,1,1,79,79
192.168.43.203,192.168.43.96,54735,53,17,2022-09-19 11:41:56,1704.6928405761719,91512.08727272728,1173.231888111888,586.615944055944,586.615944055944,1,1,78,78,78.0,78.0,78.0,0.0,78.0,78.0,78.0,0.0,78,78,78.0,0.0,0.0,8,8,8,1,0.0,0.0,0.0,0.0,0,0.0,0.0,0.0,0.0,0.0,0.0,0.0,0.0,0.0,0,0,0,0,1,0,0,0,0,0,0,1.0,78.0,0,0,0.0,0.0,0.0,0.0,0.0,0.0,0.0,0.0,0.0,0.0,0.0,0.0,0.0,0.0,78.0,78.0,0,1,1,78,78
192.168.43.203,192.168.43.96,59960,53,17,2022-09-19 11:41:56,1779.794692993164,88774.28425987944,1123.7251172136637,561.8625586068318,561.8625586068318,1,1,79,79,79.0,79.0,79.0,0.0,79.0,79.0,79.0,0.0,79,79,79.0,0.0,0.0,8,8,8,1,0.0,0.0,0.0,0.0,0,0.0,0.0,0.0,0.0,0.0,0.0,0.0,0.0,0.0,0,0,0,0,1,0,0,0,0,0,0,1.0,79.0,0,0,0.0,0.0,0.0,0.0,0.0,0.0,0.0,0.0,0.0,0.0,0.0,0.0,0.0,0.0,79.0,79.0,0,1,1,79,79
192.168.43.203,192.168.43.96,36672,53,17,2022-09-19 11:41:56,1919.2695617675781,81280.92223602484,1042.0631055900622,521.0315527950311,521.0315527950311,1,1,78,78,78.0,78.0,78.0,0.0,78.0,78.0,78.0,0.0,78,78,78.0,0.0,0.0,8,8,8,1,0.0,0.0,0.0,0.0,0,0.0,0.0,0.0,0.0,0.0,0.0,0.0,0.0,0.0,0,0,0,0,1,0,0,0,0,0,0,1.0,78.0,0,0,0.0,0.0,0.0,0.0,0.0,0.0,0.0,0.0,0.0,0.0,0.0,0.0,0.0,0.0,78.0,78.0,0,1,1,78,78
192.168.43.203,192.168.43.96,53654,53,17,2022-09-19 11:41:56,4284.143447875977,36880.18431743558,466.8377761700707,233.41888808503535,233.41888808503535,1,1,79,79,79.0,79.0,79.0,0.0,79.0,79.0,79.0,0.0,79,79,79.0,0.0,0.0,8,8,8,1,0.0,0.0,0.0,0.0,0,0.0,0.0,0.0,0.0,0.0,0.0,0.0,0.0,0.0,0,0,0,0,1,0,0,0,0,0,0,1.0,79.0,0,0,0.0,0.0,0.0,0.0,0.0,0.0,0.0,0.0,0.0,0.0,0.0,0.0,0.0,0.0,79.0,79.0,0,1,1,79,79
192.168.43.203,192.168.43.96,45320,53,17,2022-09-19 11:41:56,1979.5894622802734,78804.21823437311,1010.3104901842707,505.1552450921354,505.1552450921354,1,1,78,78,78.0,78.0,78.0,0.0,78.0,78.0,78.0,0.0,78,78,78.0,0.0,0.0,8,8,8,1,0.0,0.0,0.0,0.0,0,0.0,0.0,0.0,0.0,0.0,0.0,0.0,0.0,0.0,0,0,0,0,1,0,0,0,0,0,0,1.0,78.0,0,0,0.0,0.0,0.0,0.0,0.0,0.0,0.0,0.0,0.0,0.0,0.0,0.0,0.0,0.0,78.0,78.0,0,1,1,78,78
192.168.43.203,192.168.43.96,33402,53,17,2022-09-19 11:41:56,2540.3499603271484,62196.15504458001,787.2931018301267,393.64655091506336,393.64655091506336,1,1,79,79,79.0,79.0,79.0,0.0,79.0,79.0,79.0,0.0,79,79,79.0,0.0,0.0,8,8,8,1,0.0,0.0,0.0,0.0,0,0.0,0.0,0.0,0.0,0.0,0.0,0.0,0.0,0.0,0,0,0,0,1,0,0,0,0,0,0,1.0,79.0,0,0,0.0,0.0,0.0,0.0,0.0,0.0,0.0,0.0,0.0,0.0,0.0,0.0,0.0,0.0,79.0,79.0,0,1,1,79,79
192.168.43.203,192.168.43.96,50838,53,17,2022-09-19 11:41:56,2419.2333221435547,64483.238789790084,826.7081896126934,413.3540948063467,413.3540948063467,1,1,78,78,78.0,78.0,78.0,0.0,78.0,78.0,78.0,0.0,78,78,78.0,0.0,0.0,8,8,8,1,0.0,0.0,0.0,0.0,0,0.0,0.0,0.0,0.0,0.0,0.0,0.0,0.0,0.0,0,0,0,0,1,0,0,0,0,0,0,1.0,78.0,0,0,0.0,0.0,0.0,0.0,0.0,0.0,0.0,0.0,0.0,0.0,0.0,0.0,0.0,0.0,78.0,78.0,0,1,1,78,78
192.168.43.203,192.168.43.96,52716,53,17,2022-09-19 11:41:56,4645.824432373047,33578.53966950631,430.494098327004,215.247049163502,215.247049163502,1,1,78,78,78.0,78.0,78.0,0.0,78.0,78.0,78.0,0.0,78,78,78.0,0.0,0.0,8,8,8,1,0.0,0.0,0.0,0.0,0,0.0,0.0,0.0,0.0,0.0,0.0,0.0,0.0,0.0,0,0,0,0,1,0,0,0,0,0,0,1.0,78.0,0,0,0.0,0.0,0.0,0.0,0.0,0.0,0.0,0.0,0.0,0.0,0.0,0.0,0.0,0.0,78.0,78.0,0,1,1,78,78
192.168.43.203,192.168.43.96,45465,53,17,2022-09-19 11:41:56,4118.204116821289,37880.58959069067,485.6485844960343,242.82429224801714,242.82429224801714,1,1,78,78,78.0,78.0,78.0,0.0,78.0,78.0,78.0,0.0,78,78,78.0,0.0,0.0,8,8,8,1,0.0,0.0,0.0,0.0,0,0.0,0.0,0.0,0.0,0.0,0.0,0.0,0.0,0.0,0,0,0,0,1,0,0,0,0,0,0,1.0,78.0,0,0,0.0,0.0,0.0,0.0,0.0,0.0,0.0,0.0,0.0,0.0,0.0,0.0,0.0,0.0,78.0,78.0,0,1,1,78,78
192.168.43.203,192.168.43.96,46211,53,17,2022-09-19 11:41:56,4477.262496948242,34842.71920762554,446.7015283028915,223.35076415144576,223.35076415144576,1,1,78,78,78.0,78.0,78.0,0.0,78.0,78.0,78.0,0.0,78,78,78.0,0.0,0.0,8,8,8,1,0.0,0.0,0.0,0.0,0,0.0,0.0,0.0,0.0,0.0,0.0,0.0,0.0,0.0,0,0,0,0,1,0,0,0,0,0,0,1.0,78.0,0,0,0.0,0.0,0.0,0.0,0.0,0.0,0.0,0.0,0.0,0.0,0.0,0.0,0.0,0.0,78.0,78.0,0,1,1,78,78
192.168.43.203,192.168.43.96,39888,53,17,2022-09-19 11:41:56,2244.4725036621094,69504.0815806246,891.0779689823667,445.5389844911833,445.5389844911833,1,1,78,78,78.0,78.0,78.0,0.0,78.0,78.0,78.0,0.0,78,78,78.0,0.0,0.0,8,8,8,1,0.0,0.0,0.0,0.0,0,0.0,0.0,0.0,0.0,0.0,0.0,0.0,0.0,0.0,0,0,0,0,1,0,0,0,0,0,0,1.0,78.0,0,0,0.0,0.0,0.0,0.0,0.0,0.0,0.0,0.0,0.0,0.0,0.0,0.0,0.0,0.0,78.0,78.0,0,1,1,78,78
192.168.43.203,192.168.43.96,49871,53,17,2022-09-19 11:41:56,1924.0379333496094,81079.48252788105,1039.4805452292442,519.7402726146221,519.7402726146221,1,1,78,78,78.0,78.0,78.0,0.0,78.0,78.0,78.0,0.0,78,78,78.0,0.0,0.0,8,8,8,1,0.0,0.0,0.0,0.0,0,0.0,0.0,0.0,0.0,0.0,0.0,0.0,0.0,0.0,0,0,0,0,1,0,0,0,0,0,0,1.0,78.0,0,0,0.0,0.0,0.0,0.0,0.0,0.0,0.0,0.0,0.0,0.0,0.0,0.0,0.0,0.0,78.0,78.0,0,1,1,78,78
192.168.43.203,192.168.43.96,50548,53,17,2022-09-19 11:41:56,1626.4915466308594,95911.96481970097,1229.6405746115508,614.8202873057754,614.8202873057754,1,1,78,78,78.0,78.0,78.0,0.0,78.0,78.0,78.0,0.0,78,78,78.0,0.0,0.0,8,8,8,1,0.0,0.0,0.0,0.0,0,0.0,0.0,0.0,0.0,0.0,0.0,0.0,0.0,0.0,0,0,0,0,1,0,0,0,0,0,0,1.0,78.0,0,0,0.0,0.0,0.0,0.0,0.0,0.0,0.0,0.0,0.0,0.0,0.0,0.0,0.0,0.0,78.0,78.0,0,1,1,78,78
192.168.43.203,192.168.43.96,55913,53,17,2022-09-19 11:41:57,1497.030258178711,105542.2888995063,1335.9783405000796,667.9891702500398,667.9891702500398,1,1,79,79,79.0,79.0,79.0,0.0,79.0,79.0,79.0,0.0,79,79,79.0,0.0,0.0,8,8,8,1,0.0,0.0,0.0,0.0,0,0.0,0.0,0.0,0.0,0.0,0.0,0.0,0.0,0.0,0,0,0,0,1,0,0,0,0,0,0,1.0,79.0,0,0,0.0,0.0,0.0,0.0,0.0,0.0,0.0,0.0,0.0,0.0,0.0,0.0,0.0,0.0,79.0,79.0,0,1,1,79,79
192.168.43.203,192.168.43.96,55868,53,17,2022-09-19 11:41:57,1916.4085388183594,82445.8860413038,1043.6188106494153,521.8094053247077,521.8094053247077,1,1,79,79,79.0,79.0,79.0,0.0,79.0,79.0,79.0,0.0,79,79,79.0,0.0,0.0,8,8,8,1,0.0,0.0,0.0,0.0,0,0.0,0.0,0.0,0.0,0.0,0.0,0.0,0.0,0.0,0,0,0,0,1,0,0,0,0,0,0,1.0,79.0,0,0,0.0,0.0,0.0,0.0,0.0,0.0,0.0,0.0,0.0,0.0,0.0,0.0,0.0,0.0,79.0,79.0,0,1,1,79,79
192.168.43.203,192.168.43.96,58944,53,17,2022-09-19 11:41:57,1267.9100036621094,123037.12373072584,1577.3990221887927,788.6995110943964,788.6995110943964,1,1,78,78,78.0,78.0,78.0,0.0,78.0,78.0,78.0,0.0,78,78,78.0,0.0,0.0,8,8,8,1,0.0,0.0,0.0,0.0,0,0.0,0.0,0.0,0.0,0.0,0.0,0.0,0.0,0.0,0,0,0,0,1,0,0,0,0,0,0,1.0,78.0,0,0,0.0,0.0,0.0,0.0,0.0,0.0,0.0,0.0,0.0,0.0,0.0,0.0,0.0,0.0,78.0,78.0,0,1,1,78,78
192.168.43.203,192.168.43.96,45597,53,17,2022-09-19 11:41:57,2024.4121551513672,77059.40690142504,987.9411141208338,493.9705570604169,493.9705570604169,1,1,78,78,78.0,78.0,78.0,0.0,78.0,78.0,78.0,0.0,78,78,78.0,0.0,0.0,8,8,8,1,0.0,0.0,0.0,0.0,0,0.0,0.0,0.0,0.0,0.0,0.0,0.0,0.0,0.0,0,0,0,0,1,0,0,0,0,0,0,1.0,78.0,0,0,0.0,0.0,0.0,0.0,0.0,0.0,0.0,0.0,0.0,0.0,0.0,0.0,0.0,0.0,78.0,78.0,0,1,1,78,78
192.168.43.203,192.168.43.96,49686,53,17,2022-09-19 11:41:57,4629.611968994141,33696.128540529404,432.0016479555052,216.0008239777526,216.0008239777526,1,1,78,78,78.0,78.0,78.0,0.0,78.0,78.0,78.0,0.0,78,78,78.0,0.0,0.0,8,8,8,1,0.0,0.0,0.0,0.0,0,0.0,0.0,0.0,0.0,0.0,0.0,0.0,0.0,0.0,0,0,0,0,1,0,0,0,0,0,0,1.0,78.0,0,0,0.0,0.0,0.0,0.0,0.0,0.0,0.0,0.0,0.0,0.0,0.0,0.0,0.0,0.0,78.0,78.0,0,1,1,78,78
192.168.43.203,192.168.43.96,56381,53,17,2022-09-19 11:41:57,2593.0404663085938,60161.03567488047,771.2953291651343,385.64766458256713,385.64766458256713,1,1,78,78,78.0,78.0,78.0,0.0,78.0,78.0,78.0,0.0,78,78,78.0,0.0,0.0,8,8,8,1,0.0,0.0,0.0,0.0,0,0.0,0.0,0.0,0.0,0.0,0.0,0.0,0.0,0.0,0,0,0,0,1,0,0,0,0,0,0,1.0,78.0,0,0,0.0,0.0,0.0,0.0,0.0,0.0,0.0,0.0,0.0,0.0,0.0,0.0,0.0,0.0,78.0,78.0,0,1,1,78,78
192.168.43.203,192.168.43.96,57537,53,17,2022-09-19 11:41:57,1454.5917510986328,108621.54269791837,1374.956236682511,687.4781183412555,687.4781183412555,1,1,79,79,79.0,79.0,79.0,0.0,79.0,79.0,79.0,0.0,79,79,79.0,0.0,0.0,8,8,8,1,0.0,0.0,0.0,0.0,0,0.0,0.0,0.0,0.0,0.0,0.0,0.0,0.0,0.0,0,0,0,0,1,0,0,0,0,0,0,1.0,79.0,0,0,0.0,0.0,0.0,0.0,0.0,0.0,0.0,0.0,0.0,0.0,0.0,0.0,0.0,0.0,79.0,79.0,0,1,1,79,79
192.168.43.203,192.168.43.96,52103,53,17,2022-09-19 11:41:57,2234.4589233398438,70710.63081519419,895.0712761416987,447.53563807084936,447.53563807084936,1,1,79,79,79.0,79.0,79.0,0.0,79.0,79.0,79.0,0.0,79,79,79.0,0.0,0.0,8,8,8,1,0.0,0.0,0.0,0.0,0,0.0,0.0,0.0,0.0,0.0,0.0,0.0,0.0,0.0,0,0,0,0,1,0,0,0,0,0,0,1.0,79.0,0,0,0.0,0.0,0.0,0.0,0.0,0.0,0.0,0.0,0.0,0.0,0.0,0.0,0.0,0.0,79.0,79.0,0,1,1,79,79
192.168.43.203,192.168.43.96,48305,53,17,2022-09-19 11:41:57,1911.4017486572266,82661.84757390546,1046.3525009355121,523.1762504677561,523.1762504677561,1,1,79,79,79.0,79.0,79.0,0.0,79.0,79.0,79.0,0.0,79,79,79.0,0.0,0.0,8,8,8,1,0.0,0.0,0.0,0.0,0,0.0,0.0,0.0,0.0,0.0,0.0,0.0,0.0,0.0,0,0,0,0,1,0,0,0,0,0,0,1.0,79.0,0,0,0.0,0.0,0.0,0.0,0.0,0.0,0.0,0.0,0.0,0.0,0.0,0.0,0.0,0.0,79.0,79.0,0,1,1,79,79
192.168.43.203,192.168.43.96,48399,53,17,2022-09-19 11:41:57,1776.6952514648438,88929.15083199141,1125.6854535695115,562.8427267847558,562.8427267847558,1,1,79,79,79.0,79.0,79.0,0.0,79.0,79.0,79.0,0.0,79,79,79.0,0.0,0.0,8,8,8,1,0.0,0.0,0.0,0.0,0,0.0,0.0,0.0,0.0,0.0,0.0,0.0,0.0,0.0,0,0,0,0,1,0,0,0,0,0,0,1.0,79.0,0,0,0.0,0.0,0.0,0.0,0.0,0.0,0.0,0.0,0.0,0.0,0.0,0.0,0.0,0.0,79.0,79.0,0,1,1,79,79
192.168.43.203,192.168.43.96,45397,53,17,2022-09-19 11:41:57,1560.211181640625,101268.34229828851,1281.877750611247,640.9388753056235,640.9388753056235,1,1,79,79,79.0,79.0,79.0,0.0,79.0,79.0,79.0,0.0,79,79,79.0,0.0,0.0,8,8,8,1,0.0,0.0,0.0,0.0,0,0.0,0.0,0.0,0.0,0.0,0.0,0.0,0.0,0.0,0,0,0,0,1,0,0,0,0,0,0,1.0,79.0,0,0,0.0,0.0,0.0,0.0,0.0,0.0,0.0,0.0,0.0,0.0,0.0,0.0,0.0,0.0,79.0,79.0,0,1,1,79,79
192.168.43.203,192.168.43.96,36901,53,17,2022-09-19 11:41:57,1357.3169708251953,116406.1183910065,1473.4951695064115,736.7475847532057,736.7475847532057,1,1,79,79,79.0,79.0,79.0,0.0,79.0,79.0,79.0,0.0,79,79,79.0,0.0,0.0,8,8,8,1,0.0,0.0,0.0,0.0,0,0.0,0.0,0.0,0.0,0.0,0.0,0.0,0.0,0.0,0,0,0,0,1,0,0,0,0,0,0,1.0,79.0,0,0,0.0,0.0,0.0,0.0,0.0,0.0,0.0,0.0,0.0,0.0,0.0,0.0,0.0,0.0,79.0,79.0,0,1,1,79,79
192.168.43.203,192.168.43.96,50193,53,17,2022-09-19 11:41:57,1344.919204711914,117479.17603261833,1487.07817762808,743.53908881404,743.53908881404,1,1,79,79,79.0,79.0,79.0,0.0,79.0,79.0,79.0,0.0,79,79,79.0,0.0,0.0,8,8,8,1,0.0,0.0,0.0,0.0,0,0.0,0.0,0.0,0.0,0.0,0.0,0.0,0.0,0.0,0,0,0,0,1,0,0,0,0,0,0,1.0,79.0,0,0,0.0,0.0,0.0,0.0,0.0,0.0,0.0,0.0,0.0,0.0,0.0,0.0,0.0,0.0,79.0,79.0,0,1,1,79,79
192.168.43.203,192.168.43.96,55661,53,17,2022-09-19 11:41:57,1680.135726928711,94040.02156946219,1190.38001986661,595.190009933305,595.190009933305,1,1,79,79,79.0,79.0,79.0,0.0,79.0,79.0,79.0,0.0,79,79,79.0,0.0,0.0,8,8,8,1,0.0,0.0,0.0,0.0,0,0.0,0.0,0.0,0.0,0.0,0.0,0.0,0.0,0.0,0,0,0,0,1,0,0,0,0,0,0,1.0,79.0,0,0,0.0,0.0,0.0,0.0,0.0,0.0,0.0,0.0,0.0,0.0,0.0,0.0,0.0,0.0,79.0,79.0,0,1,1,79,79
192.168.43.203,192.168.43.96,54946,53,17,2022-09-19 11:41:57,1694.4408416748047,93246.09990150556,1180.3303785000703,590.1651892500352,590.1651892500352,1,1,79,79,79.0,79.0,79.0,0.0,79.0,79.0,79.0,0.0,79,79,79.0,0.0,0.0,8,8,8,1,0.0,0.0,0.0,0.0,0,0.0,0.0,0.0,0.0,0.0,0.0,0.0,0.0,0.0,0,0,0,0,1,0,0,0,0,0,0,1.0,79.0,0,0,0.0,0.0,0.0,0.0,0.0,0.0,0.0,0.0,0.0,0.0,0.0,0.0,0.0,0.0,79.0,79.0,0,1,1,79,79
192.168.43.203,192.168.43.96,52926,53,17,2022-09-19 11:41:57,2298.593521118164,67867.58883933202,870.0972928119489,435.04864640597447,435.04864640597447,1,1,78,78,78.0,78.0,78.0,0.0,78.0,78.0,78.0,0.0,78,78,78.0,0.0,0.0,8,8,8,1,0.0,0.0,0.0,0.0,0,0.0,0.0,0.0,0.0,0.0,0.0,0.0,0.0,0.0,0,0,0,0,1,0,0,0,0,0,0,1.0,78.0,0,0,0.0,0.0,0.0,0.0,0.0,0.0,0.0,0.0,0.0,0.0,0.0,0.0,0.0,0.0,78.0,78.0,0,1,1,78,78
192.168.43.203,192.168.43.96,47854,53,17,2022-09-19 11:41:57,1756.906509399414,89930.79549463971,1138.3644999321482,569.1822499660741,569.1822499660741,1,1,79,79,79.0,79.0,79.0,0.0,79.0,79.0,79.0,0.0,79,79,79.0,0.0,0.0,8,8,8,1,0.0,0.0,0.0,0.0,0,0.0,0.0,0.0,0.0,0.0,0.0,0.0,0.0,0.0,0,0,0,0,1,0,0,0,0,0,0,1.0,79.0,0,0,0.0,0.0,0.0,0.0,0.0,0.0,0.0,0.0,0.0,0.0,0.0,0.0,0.0,0.0,79.0,79.0,0,1,1,79,79
192.168.43.203,192.168.43.96,52823,53,17,2022-09-19 11:41:57,2006.53076171875,77746.12927756654,996.745247148289,498.3726235741445,498.3726235741445,1,1,78,78,78.0,78.0,78.0,0.0,78.0,78.0,78.0,0.0,78,78,78.0,0.0,0.0,8,8,8,1,0.0,0.0,0.0,0.0,0,0.0,0.0,0.0,0.0,0.0,0.0,0.0,0.0,0.0,0,0,0,0,1,0,0,0,0,0,0,1.0,78.0,0,0,0.0,0.0,0.0,0.0,0.0,0.0,0.0,0.0,0.0,0.0,0.0,0.0,0.0,0.0,78.0,78.0,0,1,1,78,78
192.168.43.203,192.168.43.96,35841,53,17,2022-09-19 11:41:58,2151.966094970703,73421.2311101263,929.3826722800798,464.6913361400399,464.6913361400399,1,1,79,79,79.0,79.0,79.0,0.0,79.0,79.0,79.0,0.0,79,79,79.0,0.0,0.0,8,8,8,1,0.0,0.0,0.0,0.0,0,0.0,0.0,0.0,0.0,0.0,0.0,0.0,0.0,0.0,0,0,0,0,1,0,0,0,0,0,0,1.0,79.0,0,0,0.0,0.0,0.0,0.0,0.0,0.0,0.0,0.0,0.0,0.0,0.0,0.0,0.0,0.0,79.0,79.0,0,1,1,79,79
192.168.43.203,192.168.43.96,50153,53,17,2022-09-19 11:41:58,2397.0603942871094,65079.71195544062,834.355281480008,417.177640740004,417.177640740004,1,1,78,78,78.0,78.0,78.0,0.0,78.0,78.0,78.0,0.0,78,78,78.0,0.0,0.0,8,8,8,1,0.0,0.0,0.0,0.0,0,0.0,0.0,0.0,0.0,0.0,0.0,0.0,0.0,0.0,0,0,0,0,1,0,0,0,0,0,0,1.0,78.0,0,0,0.0,0.0,0.0,0.0,0.0,0.0,0.0,0.0,0.0,0.0,0.0,0.0,0.0,0.0,78.0,78.0,0,1,1,78,78
192.168.43.203,192.168.43.96,49513,53,17,2022-09-19 11:41:58,2006.7691802978516,78733.5193061661,996.6268266603303,498.31341333016513,498.31341333016513,1,1,79,79,79.0,79.0,79.0,0.0,79.0,79.0,79.0,0.0,79,79,79.0,0.0,0.0,8,8,8,1,0.0,0.0,0.0,0.0,0,0.0,0.0,0.0,0.0,0.0,0.0,0.0,0.0,0.0,0,0,0,0,1,0,0,0,0,0,0,1.0,79.0,0,0,0.0,0.0,0.0,0.0,0.0,0.0,0.0,0.0,0.0,0.0,0.0,0.0,0.0,0.0,79.0,79.0,0,1,1,79,79
192.168.43.203,192.168.43.96,59155,53,17,2022-09-19 11:41:58,2009.3917846679688,77635.43236829615,995.3260560037969,497.66302800189845,497.66302800189845,1,1,78,78,78.0,78.0,78.0,0.0,78.0,78.0,78.0,0.0,78,78,78.0,0.0,0.0,8,8,8,1,0.0,0.0,0.0,0.0,0,0.0,0.0,0.0,0.0,0.0,0.0,0.0,0.0,0.0,0,0,0,0,1,0,0,0,0,0,0,1.0,78.0,0,0,0.0,0.0,0.0,0.0,0.0,0.0,0.0,0.0,0.0,0.0,0.0,0.0,0.0,0.0,78.0,78.0,0,1,1,78,78
192.168.43.203,192.168.43.96,38302,53,17,2022-09-19 11:41:58,2266.1685943603516,69721.20273540242,882.546870068385,441.2734350341925,441.2734350341925,1,1,79,79,79.0,79.0,79.0,0.0,79.0,79.0,79.0,0.0,79,79,79.0,0.0,0.0,8,8,8,1,0.0,0.0,0.0,0.0,0,0.0,0.0,0.0,0.0,0.0,0.0,0.0,0.0,0.0,0,0,0,0,1,0,0,0,0,0,0,1.0,79.0,0,0,0.0,0.0,0.0,0.0,0.0,0.0,0.0,0.0,0.0,0.0,0.0,0.0,0.0,0.0,79.0,79.0,0,1,1,79,79
192.168.43.203,192.168.43.96,57568,53,17,2022-09-19 11:41:58,24807.92999267578,6288.311844077961,80.61938261638412,40.30969130819206,40.30969130819206,1,1,78,78,78.0,78.0,78.0,0.0,78.0,78.0,78.0,0.0,78,78,78.0,0.0,0.0,8,8,8,1,0.0,0.0,0.0,0.0,0,0.0,0.0,0.0,0.0,0.0,0.0,0.0,0.0,0.0,0,0,0,0,1,0,0,0,0,0,0,1.0,78.0,0,0,0.0,0.0,0.0,0.0,0.0,0.0,0.0,0.0,0.0,0.0,0.0,0.0,0.0,0.0,78.0,78.0,0,1,1,78,78
192.168.43.203,35.186.228.49,55868,443,6,2022-09-19 11:41:06,92890093.08815002,151.27555084550357,1.4640958521910394,0.7105171047397691,0.7535787474512703,66,70,7194,6858,138.0,66.0,109.0,32.43454948045371,237.0,66.0,97.97142857142858,42.038408094289686,237,66,103.32352941176471,38.08560063565424,1450.5129757785467,1320,1400,20,44,688069.9881800899,33360215.663909912,-92.98324584960938,3299462.252534027,92889418.60198975,33360215.663909912,5.245208740234375,1429067.9784921499,4655146.356021458,92669383.76426697,33431796.073913574,0.0,1343034.547308217,4541333.779688333,0,0,0,0,1,0,0,0,0,0,0,1.0606060606060606,103.32352941176471,501,297,33357643.365859985,979.6619415283203,2957339.854075991,6544366.104547176,33360133.171081543,7703.304290771484,2287953.859567642,5737263.0322376825,504.0,7.0,424.0,5.5,6255.320354736477,7567595.302127659,109.0,97.97142857142858,0,66,70,7194,6858
192.168.43.203,192.168.43.96,49317,53,17,2022-09-19 11:41:58,2060.8901977539062,76665.89912077742,970.4544192503471,485.22720962517354,485.22720962517354,1,1,79,79,79.0,79.0,79.0,0.0,79.0,79.0,79.0,0.0,79,79,79.0,0.0,0.0,8,8,8,1,0.0,0.0,0.0,0.0,0,0.0,0.0,0.0,0.0,0.0,0.0,0.0,0.0,0.0,0,0,0,0,1,0,0,0,0,0,0,1.0,79.0,0,0,0.0,0.0,0.0,0.0,0.0,0.0,0.0,0.0,0.0,0.0,0.0,0.0,0.0,0.0,79.0,79.0,0,1,1,79,79
192.168.43.203,192.168.43.96,57764,53,17,2022-09-19 11:41:58,2061.128616333008,75686.68872180452,970.3421631000579,485.17108155002893,485.17108155002893,1,1,78,78,78.0,78.0,78.0,0.0,78.0,78.0,78.0,0.0,78,78,78.0,0.0,0.0,8,8,8,1,0.0,0.0,0.0,0.0,0,0.0,0.0,0.0,0.0,0.0,0.0,0.0,0.0,0.0,0,0,0,0,1,0,0,0,0,0,0,1.0,78.0,0,0,0.0,0.0,0.0,0.0,0.0,0.0,0.0,0.0,0.0,0.0,0.0,0.0,0.0,0.0,78.0,78.0,0,1,1,78,78
192.168.43.203,192.168.43.96,36655,53,17,2022-09-19 11:41:58,3100.3952026367188,50961.24515533682,645.0790525992003,322.53952629960014,322.53952629960014,1,1,79,79,79.0,79.0,79.0,0.0,79.0,79.0,79.0,0.0,79,79,79.0,0.0,0.0,8,8,8,1,0.0,0.0,0.0,0.0,0,0.0,0.0,0.0,0.0,0.0,0.0,0.0,0.0,0.0,0,0,0,0,1,0,0,0,0,0,0,1.0,79.0,0,0,0.0,0.0,0.0,0.0,0.0,0.0,0.0,0.0,0.0,0.0,0.0,0.0,0.0,0.0,79.0,79.0,0,1,1,79,79
192.168.43.203,35.186.228.49,55854,443,6,2022-09-19 11:41:06,93353636.02638245,12553.479970172864,23.94122066513159,12.061661954782178,11.879558710349409,1126,1109,778515,393398,1442.0,66.0,691.398756660746,640.4429555854467,2818.0,66.0,354.7321911632101,543.5600557709648,2818,66,524.3458612975392,617.7241029817205,381583.06740457134,22520,22180,20,734,41783.45576929214,33689517.73643494,-324.7261047363281,781504.5505345535,93353636.02638245,33689517.73643494,1.6689300537109375,82981.00980122884,1102130.5758271536,93132874.48883057,33771807.1937561,0.0,84054.94087439582,1113132.699930425,0,0,0,0,1,0,0,0,0,0,0,0.9849023090586145,524.3458612975392,8450,1050,33687793.97010803,2180.814743041992,360639.3969202616,2315993.5576723064,33689372.062683105,5147.457122802734,302131.277602791,2117488.682120504,23347.2,22.833333333333332,4902.892307692307,9.661538461538461,167412.07451010405,95980.36218271013,691.398756660746,354.7321911632101,0,1126,1109,778515,393398
192.168.43.203,192.168.43.96,42650,53,17,2022-09-19 11:42:00,4978.179931640625,30533.247509578545,401.75325670498086,200.87662835249043,200.87662835249043,1,1,76,76,76.0,76.0,76.0,0.0,76.0,76.0,76.0,0.0,76,76,76.0,0.0,0.0,8,8,8,1,0.0,0.0,0.0,0.0,0,0.0,0.0,0.0,0.0,0.0,0.0,0.0,0.0,0.0,0,0,0,0,1,0,0,0,0,0,0,1.0,76.0,0,0,0.0,0.0,0.0,0.0,0.0,0.0,0.0,0.0,0.0,0.0,0.0,0.0,0.0,0.0,76.0,76.0,0,1,1,76,76
192.168.43.203,192.168.43.96,52665,53,17,2022-09-19 11:42:00,4508.97216796875,33710.565143824024,443.5600676818951,221.78003384094754,221.78003384094754,1,1,76,76,76.0,76.0,76.0,0.0,76.0,76.0,76.0,0.0,76,76,76.0,0.0,0.0,8,8,8,1,0.0,0.0,0.0,0.0,0,0.0,0.0,0.0,0.0,0.0,0.0,0.0,0.0,0.0,0,0,0,0,1,0,0,0,0,0,0,1.0,76.0,0,0,0.0,0.0,0.0,0.0,0.0,0.0,0.0,0.0,0.0,0.0,0.0,0.0,0.0,0.0,76.0,76.0,0,1,1,76,76
192.168.43.203,192.168.43.96,34243,53,17,2022-09-19 11:42:04,5250.453948974609,29711.716646989375,380.91944419217145,190.45972209608573,190.45972209608573,1,1,78,78,78.0,78.0,78.0,0.0,78.0,78.0,78.0,0.0,78,78,78.0,0.0,0.0,8,8,8,1,0.0,0.0,0.0,0.0,0,0.0,0.0,0.0,0.0,0.0,0.0,0.0,0.0,0.0,0,0,0,0,1,0,0,0,0,0,0,1.0,78.0,0,0,0.0,0.0,0.0,0.0,0.0,0.0,0.0,0.0,0.0,0.0,0.0,0.0,0.0,0.0,78.0,78.0,0,1,1,78,78
192.168.43.203,192.168.43.96,50087,53,17,2022-09-19 11:42:04,4836.559295654297,32667.85132603766,413.5171053928818,206.7585526964409,206.7585526964409,1,1,79,79,79.0,79.0,79.0,0.0,79.0,79.0,79.0,0.0,79,79,79.0,0.0,0.0,8,8,8,1,0.0,0.0,0.0,0.0,0,0.0,0.0,0.0,0.0,0.0,0.0,0.0,0.0,0.0,0,0,0,0,1,0,0,0,0,0,0,1.0,79.0,0,0,0.0,0.0,0.0,0.0,0.0,0.0,0.0,0.0,0.0,0.0,0.0,0.0,0.0,0.0,79.0,79.0,0,1,1,79,79
192.168.43.203,192.168.43.96,45380,53,17,2022-09-19 11:42:04,2955.4367065429688,52784.07744433689,676.7189415940626,338.3594707970313,338.3594707970313,1,1,78,78,78.0,78.0,78.0,0.0,78.0,78.0,78.0,0.0,78,78,78.0,0.0,0.0,8,8,8,1,0.0,0.0,0.0,0.0,0,0.0,0.0,0.0,0.0,0.0,0.0,0.0,0.0,0.0,0,0,0,0,1,0,0,0,0,0,0,1.0,78.0,0,0,0.0,0.0,0.0,0.0,0.0,0.0,0.0,0.0,0.0,0.0,0.0,0.0,0.0,0.0,78.0,78.0,0,1,1,78,78
192.168.43.203,192.168.43.96,37154,53,17,2022-09-19 11:42:04,1894.4740295410156,83400.45708532595,1055.7019884218475,527.8509942109238,527.8509942109238,1,1,79,79,79.0,79.0,79.0,0.0,79.0,79.0,79.0,0.0,79,79,79.0,0.0,0.0,8,8,8,1,0.0,0.0,0.0,0.0,0,0.0,0.0,0.0,0.0,0.0,0.0,0.0,0.0,0.0,0,0,0,0,1,0,0,0,0,0,0,1.0,79.0,0,0,0.0,0.0,0.0,0.0,0.0,0.0,0.0,0.0,0.0,0.0,0.0,0.0,0.0,0.0,79.0,79.0,0,1,1,79,79
192.168.43.203,192.168.43.96,57580,53,17,2022-09-19 11:42:04,35736.083984375,5988.345004269855,55.96584116140051,27.982920580700256,27.982920580700256,1,1,99,115,99.0,99.0,99.0,0.0,115.0,115.0,115.0,0.0,115,99,107.0,8.0,64.0,8,8,8,1,0.0,0.0,0.0,0.0,0,0.0,0.0,0.0,0.0,0.0,0.0,0.0,0.0,0.0,0,0,0,0,1,0,0,0,0,0,0,1.0,107.0,0,0,0.0,0.0,0.0,0.0,0.0,0.0,0.0,0.0,0.0,0.0,0.0,0.0,0.0,0.0,99.0,115.0,0,1,1,99,115
192.168.43.203,192.168.43.96,46091,53,17,2022-09-19 11:42:04,1639.3661499023438,120778.38743455497,1219.9837114601512,609.9918557300756,609.9918557300756,1,1,99,99,99.0,99.0,99.0,0.0,99.0,99.0,99.0,0.0,99,99,99.0,0.0,0.0,8,8,8,1,0.0,0.0,0.0,0.0,0,0.0,0.0,0.0,0.0,0.0,0.0,0.0,0.0,0.0,0,0,0,0,1,0,0,0,0,0,0,1.0,99.0,0,0,0.0,0.0,0.0,0.0,0.0,0.0,0.0,0.0,0.0,0.0,0.0,0.0,0.0,0.0,99.0,99.0,0,1,1,99,99
192.168.43.203,216.58.208.240,60048,443,6,2022-09-19 11:42:05,68687.91580200195,4018.174038000958,43.67580476087998,29.117203173919986,14.558601586959993,2,1,171,105,105.0,66.0,85.5,19.5,105.0,105.0,105.0,0.0,105,66,92.0,18.384776310850235,338.0,40,20,20,1,34343.95790100098,68659.54399108887,28.371810913085938,34315.58609008789,0,0.0,0.0,0.0,0.0,0.0,0.0,0.0,0.0,0.0,0,0,0,0,1,0,0,0,0,0,0,0.5,92.0,501,267,0.0,0.0,0.0,0.0,0.0,0.0,0.0,0.0,0.0,0.0,0.0,0.0,0.0,0.0,85.5,105.0,0,2,1,171,105
192.168.43.203,192.168.43.96,44743,53,17,2022-09-19 11:42:06,5037.546157836914,30967.458185432344,397.01869468503,198.509347342515,198.509347342515,1,1,78,78,78.0,78.0,78.0,0.0,78.0,78.0,78.0,0.0,78,78,78.0,0.0,0.0,8,8,8,1,0.0,0.0,0.0,0.0,0,0.0,0.0,0.0,0.0,0.0,0.0,0.0,0.0,0.0,0,0,0,0,1,0,0,0,0,0,0,1.0,78.0,0,0,0.0,0.0,0.0,0.0,0.0,0.0,0.0,0.0,0.0,0.0,0.0,0.0,0.0,0.0,78.0,78.0,0,1,1,78,78
192.168.43.203,192.168.43.96,46074,53,17,2022-09-19 11:42:06,2895.5936431884766,52493.55356113627,690.7046521202141,345.35232606010703,345.35232606010703,1,1,76,76,76.0,76.0,76.0,0.0,76.0,76.0,76.0,0.0,76,76,76.0,0.0,0.0,8,8,8,1,0.0,0.0,0.0,0.0,0,0.0,0.0,0.0,0.0,0.0,0.0,0.0,0.0,0.0,0,0,0,0,1,0,0,0,0,0,0,1.0,76.0,0,0,0.0,0.0,0.0,0.0,0.0,0.0,0.0,0.0,0.0,0.0,0.0,0.0,0.0,0.0,76.0,76.0,0,1,1,76,76
192.168.43.203,192.168.43.96,36857,53,17,2022-09-19 11:42:06,3138.7805938720703,50338.01990125333,637.1901253323206,318.5950626661603,318.5950626661603,1,1,79,79,79.0,79.0,79.0,0.0,79.0,79.0,79.0,0.0,79,79,79.0,0.0,0.0,8,8,8,1,0.0,0.0,0.0,0.0,0,0.0,0.0,0.0,0.0,0.0,0.0,0.0,0.0,0.0,0,0,0,0,1,0,0,0,0,0,0,1.0,79.0,0,0,0.0,0.0,0.0,0.0,0.0,0.0,0.0,0.0,0.0,0.0,0.0,0.0,0.0,0.0,79.0,79.0,0,1,1,79,79
192.168.43.203,192.168.43.96,47672,53,17,2022-09-19 11:42:06,1991.5103912353516,78332.50616544954,1004.2628995570453,502.13144977852266,502.13144977852266,1,1,78,78,78.0,78.0,78.0,0.0,78.0,78.0,78.0,0.0,78,78,78.0,0.0,0.0,8,8,8,1,0.0,0.0,0.0,0.0,0,0.0,0.0,0.0,0.0,0.0,0.0,0.0,0.0,0.0,0,0,0,0,1,0,0,0,0,0,0,1.0,78.0,0,0,0.0,0.0,0.0,0.0,0.0,0.0,0.0,0.0,0.0,0.0,0.0,0.0,0.0,0.0,78.0,78.0,0,1,1,78,78
192.168.43.203,192.168.43.96,60318,53,17,2022-09-19 11:42:06,2187.490463256836,69486.01722070844,914.2897002724795,457.14485013623977,457.14485013623977,1,1,76,76,76.0,76.0,76.0,0.0,76.0,76.0,76.0,0.0,76,76,76.0,0.0,0.0,8,8,8,1,0.0,0.0,0.0,0.0,0,0.0,0.0,0.0,0.0,0.0,0.0,0.0,0.0,0.0,0,0,0,0,1,0,0,0,0,0,0,1.0,76.0,0,0,0.0,0.0,0.0,0.0,0.0,0.0,0.0,0.0,0.0,0.0,0.0,0.0,0.0,0.0,76.0,76.0,0,1,1,76,76
192.168.43.203,192.168.43.96,55325,53,17,2022-09-19 11:42:06,2504.587173461914,63084.248643503095,798.5347929557354,399.2673964778677,399.2673964778677,1,1,79,79,79.0,79.0,79.0,0.0,79.0,79.0,79.0,0.0,79,79,79.0,0.0,0.0,8,8,8,1,0.0,0.0,0.0,0.0,0,0.0,0.0,0.0,0.0,0.0,0.0,0.0,0.0,0.0,0,0,0,0,1,0,0,0,0,0,0,1.0,79.0,0,0,0.0,0.0,0.0,0.0,0.0,0.0,0.0,0.0,0.0,0.0,0.0,0.0,0.0,0.0,79.0,79.0,0,1,1,79,79
192.168.43.203,192.168.43.96,51649,53,17,2022-09-19 11:42:06,2094.745635986328,74472.0491691327,954.7698611427271,477.38493057136355,477.38493057136355,1,1,78,78,78.0,78.0,78.0,0.0,78.0,78.0,78.0,0.0,78,78,78.0,0.0,0.0,8,8,8,1,0.0,0.0,0.0,0.0,0,0.0,0.0,0.0,0.0,0.0,0.0,0.0,0.0,0.0,0,0,0,0,1,0,0,0,0,0,0,1.0,78.0,0,0,0.0,0.0,0.0,0.0,0.0,0.0,0.0,0.0,0.0,0.0,0.0,0.0,0.0,0.0,78.0,78.0,0,1,1,78,78
192.168.43.203,192.168.43.96,49841,53,17,2022-09-19 11:42:06,2462.625503540039,63347.025268661055,812.1413495982187,406.0706747991093,406.0706747991093,1,1,78,78,78.0,78.0,78.0,0.0,78.0,78.0,78.0,0.0,78,78,78.0,0.0,0.0,8,8,8,1,0.0,0.0,0.0,0.0,0,0.0,0.0,0.0,0.0,0.0,0.0,0.0,0.0,0.0,0,0,0,0,1,0,0,0,0,0,0,1.0,78.0,0,0,0.0,0.0,0.0,0.0,0.0,0.0,0.0,0.0,0.0,0.0,0.0,0.0,0.0,0.0,78.0,78.0,0,1,1,78,78
192.168.43.203,192.168.43.96,60649,53,17,2022-09-19 11:41:56,10897404.909133911,35.788337062993094,0.36705986731274964,0.18352993365637482,0.18352993365637482,2,2,187,203,109.0,78.0,93.5,15.5,125.0,78.0,101.5,23.5,125,78,97.5,20.303940504246953,412.25,16,16,8,2,3632468.303044637,10846122.741699219,2082.1094512939453,5100860.240881544,0,0.0,0.0,0.0,0.0,0.0,0.0,0.0,0.0,0.0,0,0,0,0,1,0,0,0,0,0,0,1.0,97.5,0,0,0.0,0.0,0.0,0.0,0.0,0.0,0.0,0.0,0.0,0.0,0.0,0.0,0.0,0.0,93.5,101.5,0,2,2,187,203
192.168.43.203,192.168.43.96,48187,53,17,2022-09-19 11:42:07,5198.955535888672,41931.49922039806,384.6926533981473,192.34632669907364,192.34632669907364,1,1,109,109,109.0,109.0,109.0,0.0,109.0,109.0,109.0,0.0,109,109,109.0,0.0,0.0,8,8,8,1,0.0,0.0,0.0,0.0,0,0.0,0.0,0.0,0.0,0.0,0.0,0.0,0.0,0.0,0,0,0,0,1,0,0,0,0,0,0,1.0,109.0,0,0,0.0,0.0,0.0,0.0,0.0,0.0,0.0,0.0,0.0,0.0,0.0,0.0,0.0,0.0,109.0,109.0,0,1,1,109,109
192.168.43.203,35.186.194.58,34535,443,17,2022-09-19 11:41:14,101286768.43643188,4447.826769028967,4.8377493680976364,3.68261329449065,1.1551360736069867,373,117,437673,12833,1399.0,71.0,1173.3860589812332,481.56119660859974,1399.0,70.0,109.68376068376068,177.61480695824466,1399,70,919.4,624.2741018861141,389718.1542857143,2984,936,8,373,207130.4058004742,24452933.311462402,0.0,1419577.846142608,101286768.43643188,24518007.516860962,24.557113647460938,272276.2592377201,1632004.8745525558,96672320.60432434,24530174.732208252,0.0,833382.0741752099,2818335.592299965,0,0,0,0,1,0,0,0,0,0,0,0.3136729222520107,919.4,0,0,24452704.191207886,942.4686431884766,1448588.198881883,3614550.117889537,24387859.106063843,5953.311920166016,996335.5859120687,3008940.1595901316,23553.1875,17.5625,242.5,8.0,1746748.6981435455,1099.650217985345,1173.3860589812332,109.68376068376068,0,373,117,437673,12833
35.244.180.134,192.168.43.203,443,59686,6,2022-09-19 11:41:19,94409975.76713562,97.77568445487661,0.6249339597917583,0.39190773749652635,0.23302622229523187,37,22,6250,2981,473.0,66.0,168.9189189189189,115.34539866603203,319.0,66.0,135.5,100.55787569174463,473,66,156.45762711864407,111.24401671724364,12375.231255386383,740,440,20,25,1627758.2028816487,29921727.180480957,0.2384185791015625,5656739.705166005,94409975.76713562,29922209.73968506,0.2384185791015625,2622499.326864878,6999449.585832589,94237065.79208374,29922188.52043152,40.531158447265625,4487479.323432559,8704006.009653732,0,0,0,0,1,0,0,0,0,0,0,0.5945945945945946,156.45762711864407,564,501,29917042.49382019,134.94491577148438,5660449.653863907,9632476.387394993,29921244.621276855,5320.549011230469,4698889.911174774,8843366.668100448,0.0,0.0,0.0,0.0,0.0,0.0,168.9189189189189,135.5,0,37,22,6250,2981
192.168.43.203,142.250.181.14,51513,443,17,2022-09-19 11:41:41,32631358.14666748,764.3567849028445,3.1258276024412694,1.379041589312325,1.7467860131289448,45,57,15888,9054,1399.0,73.0,353.06666666666666,357.62273106973754,1399.0,70.0,158.8421052631579,254.60756107580815,1399,70,244.52941176470588,319.295846152502,101949.83737024223,360,456,8,45,323082.7539274008,11351449.966430664,0.476837158203125,1412495.7149880652,32536520.24269104,11356766.939163208,105.61943054199219,739466.3691520691,2088120.5432320638,32534902.572631836,11436820.268630981,0.476837158203125,580980.4030827114,1882490.0274427938,0,0,0,0,1,0,0,0,0,0,0,1.2666666666666666,244.52941176470588,0,0,11351144.552230835,2367.734909057617,1570226.2677644428,2946236.3288550396,11346132.99369812,11730.90934753418,880129.4565200806,2313492.6176607795,4015.0,6.0,0.0,0.0,529847.1056854293,0.0,353.06666666666666,158.8421052631579,0,45,57,15888,9054
192.168.43.203,75.2.88.188,33658,443,6,2022-09-19 11:41:41,32887082.09991455,1661.3818104629588,5.594901956974714,2.797450978487357,2.797450978487357,92,92,27792,26846,1186.0,66.0,302.0869565217391,348.54142203380354,1442.0,66.0,291.80434782608694,351.8777344207735,1442,66,296.94565217391306,350.2512875602575,122675.96443761817,1840,1840,20,48,179710.19275852892,11459683.418273926,-33.855438232421875,1053518.2654144831,32887082.09991455,11459683.418273926,18.11981201171875,361396.5065924676,1474105.5290941382,32821259.260177612,11546462.774276733,0.0,360673.17868327047,1486222.836981294,0,0,0,0,1,0,0,0,0,0,0,1.0,296.94565217391306,501,2016,11459586.143493652,33.14018249511719,539291.6361490885,1786311.460588384,11459671.020507812,7942.19970703125,544599.731763204,1785035.8724160693,2924.8,6.4,3648.3333333333335,8.0,27247.23394040191,11136.56206689847,302.0869565217391,291.80434782608694,0,92,92,27792,26846
192.168.43.203,34.237.73.95,39456,443,6,2022-09-19 11:41:44,29910423.755645752,42.15921547289946,0.23403212395741177,0.13373264226137815,0.10029948169603362,4,3,706,555,354.0,66.0,176.5,120.2279085736752,391.0,66.0,185.0,146.2486467173856,391,66,180.14285714285714,132.07619940390316,17444.12244897959,80,60,20,2,4985070.625940959,28642630.100250244,133.99124145507812,10581845.49556862,29547677.755355835,28642772.436141968,359918.11752319336,9849225.918451944,13289258.96293476,29550639.629364014,28642764.0914917,907875.5378723145,14775319.814682007,13867444.276809692,0,0,0,0,1,0,0,0,0,0,0,0.75,180.14285714285714,501,230,28642487.76435852,359650.1350402832,14501068.949699402,14141418.814659119,28642496.10900879,359784.1262817383,9849041.70036316,13289193.813689604,0.0,0.0,0.0,0.0,0.0,0.0,176.5,185.0,0,4,3,706,555
192.168.43.203,192.168.43.96,49031,53,17,2022-09-19 11:42:10,5013.704299926758,30316.905606543343,398.90665271767557,199.45332635883778,199.45332635883778,1,1,76,76,76.0,76.0,76.0,0.0,76.0,76.0,76.0,0.0,76,76,76.0,0.0,0.0,8,8,8,1,0.0,0.0,0.0,0.0,0,0.0,0.0,0.0,0.0,0.0,0.0,0.0,0.0,0.0,0,0,0,0,1,0,0,0,0,0,0,1.0,76.0,0,0,0.0,0.0,0.0,0.0,0.0,0.0,0.0,0.0,0.0,0.0,0.0,0.0,0.0,0.0,76.0,76.0,0,1,1,76,76
192.168.43.203,192.168.43.96,38281,53,17,2022-09-19 11:42:13,72295.4273223877,2157.812821333052,27.664266940167334,13.832133470083667,13.832133470083667,1,1,78,78,78.0,78.0,78.0,0.0,78.0,78.0,78.0,0.0,78,78,78.0,0.0,0.0,8,8,8,1,0.0,0.0,0.0,0.0,0,0.0,0.0,0.0,0.0,0.0,0.0,0.0,0.0,0.0,0,0,0,0,1,0,0,0,0,0,0,1.0,78.0,0,0,0.0,0.0,0.0,0.0,0.0,0.0,0.0,0.0,0.0,0.0,0.0,0.0,0.0,0.0,78.0,78.0,0,1,1,78,78
192.168.43.203,192.168.43.96,35312,53,17,2022-09-19 11:42:13,1843.4524536132812,85708.74702534919,1084.9208484221417,542.4604242110709,542.4604242110709,1,1,79,79,79.0,79.0,79.0,0.0,79.0,79.0,79.0,0.0,79,79,79.0,0.0,0.0,8,8,8,1,0.0,0.0,0.0,0.0,0,0.0,0.0,0.0,0.0,0.0,0.0,0.0,0.0,0.0,0,0,0,0,1,0,0,0,0,0,0,1.0,79.0,0,0,0.0,0.0,0.0,0.0,0.0,0.0,0.0,0.0,0.0,0.0,0.0,0.0,0.0,0.0,79.0,79.0,0,1,1,79,79
192.168.43.203,192.168.43.96,54034,53,17,2022-09-19 11:42:13,1189.7087097167969,131124.53386773547,1681.0837675350701,840.5418837675351,840.5418837675351,1,1,78,78,78.0,78.0,78.0,0.0,78.0,78.0,78.0,0.0,78,78,78.0,0.0,0.0,8,8,8,1,0.0,0.0,0.0,0.0,0,0.0,0.0,0.0,0.0,0.0,0.0,0.0,0.0,0.0,0,0,0,0,1,0,0,0,0,0,0,1.0,78.0,0,0,0.0,0.0,0.0,0.0,0.0,0.0,0.0,0.0,0.0,0.0,0.0,0.0,0.0,0.0,78.0,78.0,0,1,1,78,78
192.168.43.203,192.168.43.96,43215,53,17,2022-09-19 11:42:13,2614.259719848633,60437.75941632467,765.0349293205654,382.5174646602827,382.5174646602827,1,1,79,79,79.0,79.0,79.0,0.0,79.0,79.0,79.0,0.0,79,79,79.0,0.0,0.0,8,8,8,1,0.0,0.0,0.0,0.0,0,0.0,0.0,0.0,0.0,0.0,0.0,0.0,0.0,0.0,0,0,0,0,1,0,0,0,0,0,0,1.0,79.0,0,0,0.0,0.0,0.0,0.0,0.0,0.0,0.0,0.0,0.0,0.0,0.0,0.0,0.0,0.0,79.0,79.0,0,1,1,79,79
192.168.43.203,35.186.194.58,41712,443,6,2022-09-19 11:42:13,92079.16259765625,3714.1953765846383,43.44088159748115,21.720440798740576,21.720440798740576,2,2,171,171,105.0,66.0,85.5,19.5,105.0,66.0,85.5,19.5,105,66,85.5,19.5,380.25,40,40,20,1,30693.05419921875,91973.78158569336,25.033950805664062,43332.023774929694,0,0.0,0.0,0.0,0.0,0.0,0.0,0.0,0.0,0.0,0,0,0,0,1,0,0,0,0,0,0,1.0,85.5,501,267,0.0,0.0,0.0,0.0,0.0,0.0,0.0,0.0,0.0,0.0,0.0,0.0,0.0,0.0,85.5,85.5,0,2,2,171,171
192.168.43.203,192.168.43.96,53379,53,17,2022-09-19 11:42:15,4770.040512084961,31865.55745489079,419.2836507222472,209.6418253611236,209.6418253611236,1,1,76,76,76.0,76.0,76.0,0.0,76.0,76.0,76.0,0.0,76,76,76.0,0.0,0.0,8,8,8,1,0.0,0.0,0.0,0.0,0,0.0,0.0,0.0,0.0,0.0,0.0,0.0,0.0,0.0,0,0,0,0,1,0,0,0,0,0,0,1.0,76.0,0,0,0.0,0.0,0.0,0.0,0.0,0.0,0.0,0.0,0.0,0.0,0.0,0.0,0.0,0.0,76.0,76.0,0,1,1,76,76
192.168.43.203,44.239.126.203,38134,443,6,2022-09-19 11:41:46,30385903.120040894,105.41072244410188,0.49364996461490107,0.29618997876894065,0.19745998584596045,9,6,2355,848,1442.0,66.0,261.6666666666667,421.38343583961625,254.0,66.0,141.33333333333334,81.16375764807563,1442,66,213.53333333333333,335.63171615461033,112648.6488888889,180,120,20,5,2170409.951891218,29604917.526245117,-108.95729064941406,7610173.244252402,30385903.120040894,29604917.526245117,3.5762786865234375,3798237.8900051117,9755402.777989507,29992413.04397583,29992411.851882935,0.0,5998482.608795166,11996964.621543886,0,0,0,0,1,0,0,0,0,0,0,0.6666666666666666,213.53333333333333,501,425,29604913.94996643,51.73683166503906,9999406.735102335,13864116.439474141,29604827.642440796,387249.231338501,10128456.513086954,13771874.319472518,0.0,0.0,0.0,0.0,0.0,0.0,261.6666666666667,141.33333333333334,0,9,6,2355,848
192.168.43.203,192.168.43.96,37010,53,17,2022-09-19 11:42:16,3264.6656036376953,45333.89264587746,612.6201708902358,306.3100854451179,306.3100854451179,1,1,74,74,74.0,74.0,74.0,0.0,74.0,74.0,74.0,0.0,74,74,74.0,0.0,0.0,8,8,8,1,0.0,0.0,0.0,0.0,0,0.0,0.0,0.0,0.0,0.0,0.0,0.0,0.0,0.0,0,0,0,0,1,0,0,0,0,0,0,1.0,74.0,0,0,0.0,0.0,0.0,0.0,0.0,0.0,0.0,0.0,0.0,0.0,0.0,0.0,0.0,0.0,74.0,74.0,0,1,1,74,74
192.168.43.203,35.241.24.90,47404,443,6,2022-09-19 11:42:16,83356.61888122559,3311.074797710677,35.989943453376924,23.993295635584616,11.996647817792308,2,1,171,105,105.0,66.0,85.5,19.5,105.0,105.0,105.0,0.0,105,66,92.0,18.384776310850235,338.0,40,20,20,1,41678.30944061279,83298.4447479248,58.17413330078125,41620.13530731201,0,0.0,0.0,0.0,0.0,0.0,0.0,0.0,0.0,0.0,0,0,0,0,1,0,0,0,0,0,0,0.5,92.0,501,267,0.0,0.0,0.0,0.0,0.0,0.0,0.0,0.0,0.0,0.0,0.0,0.0,0.0,0.0,85.5,105.0,0,2,1,171,105
192.168.43.203,35.244.233.98,34818,443,6,2022-09-19 11:42:17,82872.15232849121,3330.431179173224,36.20033890405678,24.133559269371187,12.066779634685593,2,1,171,105,105.0,66.0,85.5,19.5,105.0,105.0,105.0,0.0,105,66,92.0,18.384776310850235,338.0,40,20,20,1,41436.076164245605,82814.45503234863,57.697296142578125,41378.37886810303,0,0.0,0.0,0.0,0.0,0.0,0.0,0.0,0.0,0.0,0,0,0,0,1,0,0,0,0,0,0,0.5,92.0,501,276,0.0,0.0,0.0,0.0,0.0,0.0,0.0,0.0,0.0,0.0,0.0,0.0,0.0,0.0,85.5,105.0,0,2,1,171,105
192.168.43.203,192.168.43.96,59849,53,17,2022-09-19 11:42:20,9949.922561645508,15276.500802722067,201.00658950950088,100.50329475475044,100.50329475475044,1,1,76,76,76.0,76.0,76.0,0.0,76.0,76.0,76.0,0.0,76,76,76.0,0.0,0.0,8,8,8,1,0.0,0.0,0.0,0.0,0,0.0,0.0,0.0,0.0,0.0,0.0,0.0,0.0,0.0,0,0,0,0,1,0,0,0,0,0,0,1.0,76.0,0,0,0.0,0.0,0.0,0.0,0.0,0.0,0.0,0.0,0.0,0.0,0.0,0.0,0.0,0.0,76.0,76.0,0,1,1,76,76
192.168.43.203,192.168.43.96,54746,53,17,2022-09-19 11:42:20,4733.085632324219,32959.471287527704,422.55732419907315,211.27866209953658,211.27866209953658,1,1,78,78,78.0,78.0,78.0,0.0,78.0,78.0,78.0,0.0,78,78,78.0,0.0,0.0,8,8,8,1,0.0,0.0,0.0,0.0,0,0.0,0.0,0.0,0.0,0.0,0.0,0.0,0.0,0.0,0,0,0,0,1,0,0,0,0,0,0,1.0,78.0,0,0,0.0,0.0,0.0,0.0,0.0,0.0,0.0,0.0,0.0,0.0,0.0,0.0,0.0,0.0,78.0,78.0,0,1,1,78,78
192.168.43.203,192.168.43.96,59429,53,17,2022-09-19 11:42:20,4651.308059692383,33538.95248346917,429.9865703008868,214.9932851504434,214.9932851504434,1,1,78,78,78.0,78.0,78.0,0.0,78.0,78.0,78.0,0.0,78,78,78.0,0.0,0.0,8,8,8,1,0.0,0.0,0.0,0.0,0,0.0,0.0,0.0,0.0,0.0,0.0,0.0,0.0,0.0,0,0,0,0,1,0,0,0,0,0,0,1.0,78.0,0,0,0.0,0.0,0.0,0.0,0.0,0.0,0.0,0.0,0.0,0.0,0.0,0.0,0.0,0.0,78.0,78.0,0,1,1,78,78
192.168.43.203,192.168.43.96,53207,53,17,2022-09-19 11:42:25,75867.4144744873,2003.4951902982612,26.36177881971396,13.18088940985698,13.18088940985698,1,1,76,76,76.0,76.0,76.0,0.0,76.0,76.0,76.0,0.0,76,76,76.0,0.0,0.0,8,8,8,1,0.0,0.0,0.0,0.0,0,0.0,0.0,0.0,0.0,0.0,0.0,0.0,0.0,0.0,0,0,0,0,1,0,0,0,0,0,0,1.0,76.0,0,0,0.0,0.0,0.0,0.0,0.0,0.0,0.0,0.0,0.0,0.0,0.0,0.0,0.0,0.0,76.0,76.0,0,1,1,76,76
192.168.43.203,34.107.204.85,57170,443,6,2022-09-19 11:42:33,3271411.657333374,1097.3855864187747,6.724925599223688,3.6681412359401935,3.056784363283495,12,10,2510,1080,951.0,66.0,209.16666666666666,304.1835611746448,139.0,66.0,108.0,26.38181191654584,951,66,163.1818181818182,230.91884374536048,53323.512396694205,240,200,20,4,155723.2311793736,2615959.1674804688,-236.27281188964844,557462.705033732,3182863.473892212,2615959.1674804688,10.49041748046875,289351.224899292,748892.8654768347,3198189.7354125977,2692667.7227020264,0.0,355354.41504584416,836337.4232996568,0,0,0,0,1,0,0,0,0,0,0,0.8333333333333334,163.1818181818182,501,358,2614558.458328247,73191.64276123047,1034474.6907552084,1126002.3892011307,2615928.888320923,73221.92192077637,638394.4511413574,993994.080511038,0.0,0.0,381.0,7.0,0.0,319605964.8,209.16666666666666,108.0,0,12,10,2510,1080
192.168.43.203,192.168.43.96,55367,53,17,2022-09-19 11:42:33,2137.899398803711,72968.82167949146,935.4977138396342,467.7488569198171,467.7488569198171,1,1,78,78,78.0,78.0,78.0,0.0,78.0,78.0,78.0,0.0,78,78,78.0,0.0,0.0,8,8,8,1,0.0,0.0,0.0,0.0,0,0.0,0.0,0.0,0.0,0.0,0.0,0.0,0.0,0.0,0,0,0,0,1,0,0,0,0,0,0,1.0,78.0,0,0,0.0,0.0,0.0,0.0,0.0,0.0,0.0,0.0,0.0,0.0,0.0,0.0,0.0,0.0,78.0,78.0,0,1,1,78,78
192.168.43.203,192.168.43.96,47847,53,17,2022-09-19 11:42:33,4724.740982055664,33017.68299944492,423.30362819801184,211.65181409900592,211.65181409900592,1,1,78,78,78.0,78.0,78.0,0.0,78.0,78.0,78.0,0.0,78,78,78.0,0.0,0.0,8,8,8,1,0.0,0.0,0.0,0.0,0,0.0,0.0,0.0,0.0,0.0,0.0,0.0,0.0,0.0,0,0,0,0,1,0,0,0,0,0,0,1.0,78.0,0,0,0.0,0.0,0.0,0.0,0.0,0.0,0.0,0.0,0.0,0.0,0.0,0.0,0.0,0.0,78.0,78.0,0,1,1,78,78
192.168.43.203,192.168.43.96,38124,53,17,2022-09-19 11:42:35,5084.037780761719,29897.496154567623,393.3881072969424,196.6940536484712,196.6940536484712,1,1,76,76,76.0,76.0,76.0,0.0,76.0,76.0,76.0,0.0,76,76,76.0,0.0,0.0,8,8,8,1,0.0,0.0,0.0,0.0,0,0.0,0.0,0.0,0.0,0.0,0.0,0.0,0.0,0.0,0,0,0,0,1,0,0,0,0,0,0,1.0,76.0,0,0,0.0,0.0,0.0,0.0,0.0,0.0,0.0,0.0,0.0,0.0,0.0,0.0,0.0,0.0,76.0,76.0,0,1,1,76,76
192.168.43.203,192.168.43.96,41948,53,17,2022-09-19 11:42:36,41200.16098022461,3932.0234714072426,48.543499647002996,24.271749823501498,24.271749823501498,1,1,73,89,73.0,73.0,73.0,0.0,89.0,89.0,89.0,0.0,89,73,81.0,8.0,64.0,8,8,8,1,0.0,0.0,0.0,0.0,0,0.0,0.0,0.0,0.0,0.0,0.0,0.0,0.0,0.0,0,0,0,0,1,0,0,0,0,0,0,1.0,81.0,0,0,0.0,0.0,0.0,0.0,0.0,0.0,0.0,0.0,0.0,0.0,0.0,0.0,0.0,0.0,73.0,89.0,0,1,1,73,89
192.168.43.203,192.168.43.96,34238,53,17,2022-09-19 11:42:36,6741.523742675781,21656.825010609704,296.6688357617768,148.3344178808884,148.3344178808884,1,1,73,73,73.0,73.0,73.0,0.0,73.0,73.0,73.0,0.0,73,73,73.0,0.0,0.0,8,8,8,1,0.0,0.0,0.0,0.0,0,0.0,0.0,0.0,0.0,0.0,0.0,0.0,0.0,0.0,0,0,0,0,1,0,0,0,0,0,0,1.0,73.0,0,0,0.0,0.0,0.0,0.0,0.0,0.0,0.0,0.0,0.0,0.0,0.0,0.0,0.0,0.0,73.0,73.0,0,1,1,73,73
192.168.43.203,34.107.204.85,34073,443,17,2022-09-19 11:42:36,294854.87937927246,17852.85022612397,27.131991225112415,10.174496709417156,16.95749451569526,3,5,1712,3552,1399.0,73.0,570.6666666666666,589.6746749032234,1399.0,70.0,710.4,585.4808621979031,1399,70,658.0,590.9418330089688,349212.25,24,40,8,3,42122.12562561035,106661.55815124512,0.476837158203125,43394.99126963939,273227.2148132324,203599.4529724121,69627.76184082031,136613.6074066162,66985.8455657959,188193.32122802734,95256.80541992188,0.476837158203125,47048.330307006836,37595.89170382776,0,0,0,0,1,0,0,0,0,0,0,1.6666666666666667,658.0,0,0,104980.46875,67181.58721923828,86081.02798461914,18899.44076538086,106661.55815124512,20404.815673828125,64596.57351175944,35246.26485063893,0.0,0.0,0.0,0.0,0.0,0.0,570.6666666666666,710.4,0,3,5,1712,3552
192.168.43.203,192.168.43.96,55238,53,17,2022-09-19 11:42:38,36466.59851074219,6115.185103823422,54.844709451331134,27.422354725665567,27.422354725665567,1,1,72,151,72.0,72.0,72.0,0.0,151.0,151.0,151.0,0.0,151,72,111.5,39.5,1560.25,8,8,8,1,0.0,0.0,0.0,0.0,0,0.0,0.0,0.0,0.0,0.0,0.0,0.0,0.0,0.0,0,0,0,0,1,0,0,0,0,0,0,1.0,111.5,0,0,0.0,0.0,0.0,0.0,0.0,0.0,0.0,0.0,0.0,0.0,0.0,0.0,0.0,0.0,72.0,151.0,0,1,1,72,151
192.168.43.203,192.168.43.96,33419,53,17,2022-09-19 11:42:38,22741.317749023438,12708.146607397468,87.94565126226621,43.972825631133105,43.972825631133105,1,1,109,180,109.0,109.0,109.0,0.0,180.0,180.0,180.0,0.0,180,109,144.5,35.5,1260.25,8,8,8,1,0.0,0.0,0.0,0.0,0,0.0,0.0,0.0,0.0,0.0,0.0,0.0,0.0,0.0,0,0,0,0,1,0,0,0,0,0,0,1.0,144.5,0,0,0.0,0.0,0.0,0.0,0.0,0.0,0.0,0.0,0.0,0.0,0.0,0.0,0.0,0.0,109.0,180.0,0,1,1,109,180
192.168.43.203,192.168.43.96,48757,53,17,2022-09-19 11:42:40,2822.8759765625,53845.7945945946,708.4972972972973,354.24864864864867,354.24864864864867,1,1,76,76,76.0,76.0,76.0,0.0,76.0,76.0,76.0,0.0,76,76,76.0,0.0,0.0,8,8,8,1,0.0,0.0,0.0,0.0,0,0.0,0.0,0.0,0.0,0.0,0.0,0.0,0.0,0.0,0,0,0,0,1,0,0,0,0,0,0,1.0,76.0,0,0,0.0,0.0,0.0,0.0,0.0,0.0,0.0,0.0,0.0,0.0,0.0,0.0,0.0,0.0,76.0,76.0,0,1,1,76,76
192.168.43.203,173.194.76.155,54966,443,6,2022-09-19 11:42:40,279331.2072753906,988.07434619324,10.739938545578696,7.159959030385798,3.579979515192899,2,1,171,105,105.0,66.0,85.5,19.5,105.0,105.0,105.0,0.0,105,66,92.0,18.384776310850235,338.0,40,20,20,1,139665.6036376953,279242.51556396484,88.69171142578125,139576.91192626953,0,0.0,0.0,0.0,0.0,0.0,0.0,0.0,0.0,0.0,0,0,0,0,1,0,0,0,0,0,0,0.5,92.0,501,276,0.0,0.0,0.0,0.0,0.0,0.0,0.0,0.0,0.0,0.0,0.0,0.0,0.0,0.0,85.5,105.0,0,2,1,171,105
192.168.43.203,142.250.181.14,44460,443,6,2022-09-19 11:42:40,90580.22499084473,3775.658539538483,44.15974900045009,22.079874500225046,22.079874500225046,2,2,171,171,105.0,66.0,85.5,19.5,105.0,66.0,85.5,19.5,105,66,85.5,19.5,380.25,40,40,20,1,30193.408330281574,90487.24174499512,0.2384185791015625,42634.19519775046,0,0.0,0.0,0.0,0.0,0.0,0.0,0.0,0.0,0.0,0,0,0,0,1,0,0,0,0,0,0,1.0,85.5,501,276,0.0,0.0,0.0,0.0,0.0,0.0,0.0,0.0,0.0,0.0,0.0,0.0,0.0,0.0,85.5,85.5,0,2,2,171,171
192.168.43.203,216.58.208.228,59250,443,6,2022-09-19 11:42:41,86763.85879516602,3941.733398550207,46.102145012283124,23.051072506141562,23.051072506141562,2,2,171,171,105.0,66.0,85.5,19.5,105.0,66.0,85.5,19.5,105,66,85.5,19.5,380.25,40,40,20,1,28921.28626505534,86700.439453125,0.476837158203125,40856.03898925859,0,0.0,0.0,0.0,0.0,0.0,0.0,0.0,0.0,0.0,0,0,0,0,1,0,0,0,0,0,0,1.0,85.5,501,267,0.0,0.0,0.0,0.0,0.0,0.0,0.0,0.0,0.0,0.0,0.0,0.0,0.0,0.0,85.5,85.5,0,2,2,171,171
192.168.43.203,34.117.46.154,56615,443,17,2022-09-19 11:41:52,55745691.0610199,917.236812869183,3.2468877245036794,1.793860621272751,1.4530271032309283,100,81,40727,10405,1399.0,73.0,407.27,533.9460245193328,1399.0,70.0,128.45679012345678,210.1724776347483,1399,70,282.49723756906076,443.28404802106064,196500.74722993802,800,648,8,100,309698.28367233276,13085330.963134766,0.0,1537742.080616555,55674005.98526001,13085330.963134766,41.72325134277344,562363.6968208082,2047890.5781167443,55637147.90344238,13190895.318984985,0.0,695464.3487930298,2274401.0243343734,0,0,0,0,1,0,0,0,0,0,0,0.81,282.49723756906076,0,0,13085280.179977417,5998.373031616211,959531.4285971902,2667961.6382984417,13064939.737319946,5225.419998168945,621716.6311600629,2185014.9308816125,9745.0,9.0,116.0,4.0,23514.20280316894,34109.59506449804,407.27,128.45679012345678,0,100,81,40727,10405
192.168.43.203,142.250.181.144,56583,443,17,2022-09-19 11:41:52,54904430.3894043,13665.144956039683,13.113695832803847,3.2237835588976123,9.889912273906234,177,543,16859,733418,1399.0,73.0,95.24858757062147,126.66078774969102,1399.0,70.0,1350.6777163904235,216.6064426871224,1399,70,1042.0513888888888,575.7919945347393,331536.4209702932,1416,4344,8,177,76362.2099567355,13261026.620864868,-1.430511474609375,963665.8920317243,54900684.118270874,13261026.620864868,72.00241088867188,311935.7052174481,1928912.4140818843,54797001.361846924,13359860.181808472,0.0,101101.47852739284,1116441.0152936922,0,0,0,0,1,0,0,0,0,0,0,3.0677966101694913,1042.0513888888888,0,0,13240209.341049194,72.00241088867188,1416010.1037276417,3951911.366263947,13240167.85621643,5448.341369628906,1345416.9809818268,3867418.8316921405,0.0,0.0,8628.170731707318,6.536585365853658,0.0,1894629.0583779614,95.24858757062147,1350.6777163904235,0,177,543,16859,733418
35.186.228.49,192.168.43.203,443,55868,6,2022-09-19 11:42:39,13513976.573944092,161.16647739343716,1.627944216095325,0.8879695724156318,0.7399746436796931,12,10,1185,993,149.0,66.0,98.75,37.25167781456293,138.0,66.0,99.3,30.04346850814666,149,66,99.0,34.16537322015856,1167.2727272727273,240,200,20,5,643520.2189854214,6925642.490386963,-51.975250244140625,1809399.7699768126,13513976.573944092,7060438.871383667,0.2384185791015625,1228543.3249040083,2405709.2515116693,13369879.007339478,6950597.763061523,29.325485229492188,1485542.1119266087,2559365.6630185954,0,0,0,0,1,0,0,0,0,0,0,0.8333333333333334,99.0,297,501,6790846.109390259,17041.921615600586,2142216.6426976523,2821195.731709357,6900687.217712402,27282.4764251709,1437799.056371053,2527362.323639615,0.0,0.0,0.0,0.0,0.0,0.0,98.75,99.3,0,12,10,1185,993
35.186.228.49,192.168.43.203,443,55854,6,2022-09-19 11:42:39,13571579.456329346,3985.6083202440896,10.020941220409979,5.157837392858077,4.863103827551901,70,66,13707,40384,1442.0,66.0,195.81428571428572,320.21583314370696,1442.0,66.0,611.8787878787879,637.2205392253549,1442,66,397.7279411764706,541.360017577079,293070.6686310553,1400,1320,20,36,100517.31356868037,7037694.215774536,-228.64341735839844,660867.5829448976,13571579.456329346,7130322.9331970215,0.0,196689.55733810645,930391.8933485056,13460710.525512695,7067609.071731567,2.1457672119140625,207087.85423865684,951321.8647686678,0,0,0,0,1,0,0,0,0,0,0,0.9428571428571428,397.7279411764706,1050,11753,7037687.7784729,699.7585296630859,818423.1370687485,1760087.9724236384,7007779.359817505,5230.426788330078,660191.6193962097,1588264.7364912631,1683.25,8.25,11957.333333333334,11.666666666666666,9070.701004834667,383965.6021212036,195.81428571428572,611.8787878787879,0,70,66,13707,40384
192.168.43.203,192.168.43.96,43941,53,17,2022-09-19 11:42:46,72931.52809143066,1974.4547216873655,27.422982245657852,13.711491122828926,13.711491122828926,1,1,72,72,72.0,72.0,72.0,0.0,72.0,72.0,72.0,0.0,72,72,72.0,0.0,0.0,8,8,8,1,0.0,0.0,0.0,0.0,0,0.0,0.0,0.0,0.0,0.0,0.0,0.0,0.0,0.0,0,0,0,0,1,0,0,0,0,0,0,1.0,72.0,0,0,0.0,0.0,0.0,0.0,0.0,0.0,0.0,0.0,0.0,0.0,0.0,0.0,0.0,0.0,72.0,72.0,0,1,1,72,72
192.168.43.203,192.168.43.96,50871,53,17,2022-09-19 11:42:47,2136.707305908203,73009.53180093729,936.019638473555,468.0098192367775,468.0098192367775,1,1,78,78,78.0,78.0,78.0,0.0,78.0,78.0,78.0,0.0,78,78,78.0,0.0,0.0,8,8,8,1,0.0,0.0,0.0,0.0,0,0.0,0.0,0.0,0.0,0.0,0.0,0.0,0.0,0.0,0,0,0,0,1,0,0,0,0,0,0,1.0,78.0,0,0,0.0,0.0,0.0,0.0,0.0,0.0,0.0,0.0,0.0,0.0,0.0,0.0,0.0,0.0,78.0,78.0,0,1,1,78,78
192.168.43.203,192.168.43.96,36083,53,17,2022-09-19 11:42:47,2108.8123321533203,73975.28818541548,948.4011305822498,474.2005652911249,474.2005652911249,1,1,78,78,78.0,78.0,78.0,0.0,78.0,78.0,78.0,0.0,78,78,78.0,0.0,0.0,8,8,8,1,0.0,0.0,0.0,0.0,0,0.0,0.0,0.0,0.0,0.0,0.0,0.0,0.0,0.0,0,0,0,0,1,0,0,0,0,0,0,1.0,78.0,0,0,0.0,0.0,0.0,0.0,0.0,0.0,0.0,0.0,0.0,0.0,0.0,0.0,0.0,0.0,78.0,78.0,0,1,1,78,78
192.168.43.203,192.168.43.96,60947,53,17,2022-09-19 11:42:50,51004.17137145996,3293.848237950329,39.2124790232182,19.6062395116091,19.6062395116091,1,1,76,92,76.0,76.0,76.0,0.0,92.0,92.0,92.0,0.0,92,76,84.0,8.0,64.0,8,8,8,1,0.0,0.0,0.0,0.0,0,0.0,0.0,0.0,0.0,0.0,0.0,0.0,0.0,0.0,0,0,0,0,1,0,0,0,0,0,0,1.0,84.0,0,0,0.0,0.0,0.0,0.0,0.0,0.0,0.0,0.0,0.0,0.0,0.0,0.0,0.0,0.0,76.0,92.0,0,1,1,76,92
192.168.43.203,192.168.43.96,49853,53,17,2022-09-19 11:42:50,2089.7388458251953,72736.36143753566,957.0573873359955,478.52869366799774,478.52869366799774,1,1,76,76,76.0,76.0,76.0,0.0,76.0,76.0,76.0,0.0,76,76,76.0,0.0,0.0,8,8,8,1,0.0,0.0,0.0,0.0,0,0.0,0.0,0.0,0.0,0.0,0.0,0.0,0.0,0.0,0,0,0,0,1,0,0,0,0,0,0,1.0,76.0,0,0,0.0,0.0,0.0,0.0,0.0,0.0,0.0,0.0,0.0,0.0,0.0,0.0,0.0,0.0,76.0,76.0,0,1,1,76,76
192.168.43.203,34.117.46.154,45456,443,6,2022-09-19 11:42:52,137792.58728027344,2481.991279431917,29.029137771133534,14.514568885566767,14.514568885566767,2,2,171,171,105.0,66.0,85.5,19.5,105.0,66.0,85.5,19.5,105,66,85.5,19.5,380.25,40,40,20,1,45930.86242675781,94933.27140808105,0.476837158203125,38816.97967857823,0,0.0,0.0,0.0,0.0,0.0,0.0,0.0,0.0,0.0,0,0,0,0,1,0,0,0,0,0,0,1.0,85.5,501,288,0.0,0.0,0.0,0.0,94933.27140808105,42858.36219787598,68895.81680297852,26037.45460510254,0.0,0.0,0.0,0.0,0.0,0.0,85.5,85.5,0,2,2,171,171
192.168.43.203,192.168.43.96,43463,53,17,2022-09-19 11:42:55,2748.250961303711,55307.903877852,727.7355773401579,363.86778867007894,363.86778867007894,1,1,76,76,76.0,76.0,76.0,0.0,76.0,76.0,76.0,0.0,76,76,76.0,0.0,0.0,8,8,8,1,0.0,0.0,0.0,0.0,0,0.0,0.0,0.0,0.0,0.0,0.0,0.0,0.0,0.0,0,0,0,0,1,0,0,0,0,0,0,1.0,76.0,0,0,0.0,0.0,0.0,0.0,0.0,0.0,0.0,0.0,0.0,0.0,0.0,0.0,0.0,0.0,76.0,76.0,0,1,1,76,76
192.168.43.203,34.237.73.95,39456,443,6,2022-09-19 11:42:58,340957.1647644043,2572.17061446998,11.731678971356807,5.8658394856784035,5.8658394856784035,2,2,420,457,354.0,66.0,210.0,144.0,391.0,66.0,228.5,162.5,391,66,219.25,153.80730639342204,23656.6875,40,40,20,1,113652.38825480144,340852.4990081787,0.2384185791015625,160654.74463082396,0,0.0,0.0,0.0,0.0,0.0,0.0,0.0,0.0,0.0,0,0,0,0,1,0,0,0,0,0,0,1.0,219.25,501,233,0.0,0.0,0.0,0.0,0.0,0.0,0.0,0.0,0.0,0.0,0.0,0.0,0.0,0.0,210.0,228.5,0,2,2,420,457
192.168.43.203,216.58.208.240,60048,443,6,2022-09-19 11:42:59,68818.56918334961,5710.667987777416,72.65480900480173,43.59288540288104,29.061923601920693,3,2,261,132,105.0,66.0,87.0,16.06237840420901,66.0,66.0,66.0,0.0,105,66,78.6,16.144348856488453,260.64,60,40,20,2,17204.642295837402,68156.95762634277,0.476837158203125,29418.212934352665,68818.56918334961,68228.72161865234,589.8475646972656,34409.284591674805,33819.43702697754,0.0,0.0,0.0,0.0,0.0,0,0,0,0,1,0,0,0,0,0,0,0.6666666666666666,78.6,501,267,0.0,0.0,0.0,0.0,0.0,0.0,0.0,0.0,0.0,0.0,0.0,0.0,0.0,0.0,87.0,66.0,0,3,2,261,132
192.168.43.203,192.168.43.96,45631,53,17,2022-09-19 11:43:00,275209.903717041,552.3057053799919,7.2671803339472625,3.6335901669736312,3.6335901669736312,1,1,76,76,76.0,76.0,76.0,0.0,76.0,76.0,76.0,0.0,76,76,76.0,0.0,0.0,8,8,8,1,0.0,0.0,0.0,0.0,0,0.0,0.0,0.0,0.0,0.0,0.0,0.0,0.0,0.0,0,0,0,0,1,0,0,0,0,0,0,1.0,76.0,0,0,0.0,0.0,0.0,0.0,0.0,0.0,0.0,0.0,0.0,0.0,0.0,0.0,0.0,0.0,76.0,76.0,0,1,1,76,76
192.168.43.203,35.241.24.90,47404,443,6,2022-09-19 11:43:10,64355.85021972656,6106.6709344714145,77.69301443347855,46.61580866008713,31.077205773391423,3,2,261,132,105.0,66.0,87.0,16.06237840420901,66.0,66.0,66.0,0.0,105,66,78.6,16.144348856488453,260.64,60,40,20,2,16088.96255493164,63837.05139160156,0.2384185791015625,27567.689873296833,64355.85021972656,63983.917236328125,371.9329833984375,32177.92510986328,31805.992126464844,0.0,0.0,0.0,0.0,0.0,0,0,0,0,1,0,0,0,0,0,0,0.6666666666666666,78.6,501,267,0.0,0.0,0.0,0.0,0.0,0.0,0.0,0.0,0.0,0.0,0.0,0.0,0.0,0.0,87.0,66.0,0,3,2,261,132
192.168.43.203,192.168.43.96,40810,53,17,2022-09-19 11:43:10,4514.455795288086,33669.61753366781,443.02128333773436,221.51064166886718,221.51064166886718,1,1,76,76,76.0,76.0,76.0,0.0,76.0,76.0,76.0,0.0,76,76,76.0,0.0,0.0,8,8,8,1,0.0,0.0,0.0,0.0,0,0.0,0.0,0.0,0.0,0.0,0.0,0.0,0.0,0.0,0,0,0,0,1,0,0,0,0,0,0,1.0,76.0,0,0,0.0,0.0,0.0,0.0,0.0,0.0,0.0,0.0,0.0,0.0,0.0,0.0,0.0,0.0,76.0,76.0,0,1,1,76,76
192.168.43.203,40.76.174.66,38616,443,6,2022-09-19 11:42:07,70160660.02845764,4702.378795555534,7.554090850699358,3.5489973996681887,4.005093451031168,249,281,304588,25334,1442.0,54.0,1223.2449799196788,498.15791618998753,1442.0,54.0,90.15658362989323,85.31075934196572,1442,54,622.4943396226415,663.5133111844128,440249.9141189035,4980,5620,20,215,132622.37492941727,38076414.823532104,-229.35867309570312,2073666.3350189237,70160660.02845764,38076414.823532104,1.6689300537109375,282905.8872115227,3021572.7461493267,69885435.81962585,38395014.76287842,0.0,249590.84221294947,2875401.24489185,0,0,0,0,1,0,0,0,0,0,0,1.1285140562248996,622.4943396226415,501,2044,38076365.47088623,1019.4778442382812,4101998.9602706013,10840584.795564046,38076341.62902832,6022.930145263672,4120612.985947553,10834008.439038051,26344.090909090908,19.363636363636363,1138.25,17.625,155460.9469658453,8934.259092897428,1223.2449799196788,90.15658362989323,0,249,281,304588,25334
54.169.175.250,192.168.43.203,443,35984,6,2022-09-19 11:42:44,104241017.34161377,18.140651810821296,0.1726767491246871,0.08633837456234356,0.08633837456234356,9,9,744,1147,141.0,66.0,82.66666666666667,31.18047822311618,145.0,66.0,127.44444444444444,32.84343706168237,145,66,105.05555555555556,39.07325345811978,1526.7191358024693,180,180,20,2,6131824.549506692,15874841.213226318,79.87022399902344,7004921.075288697,104241017.34161377,16117082.834243774,3668413.1622314453,13030127.167701721,4422002.969213622,104026044.84558105,16001947.402954102,3862461.566925049,13003255.605697632,4388896.520491832,0,0,0,0,1,0,0,0,0,0,0,1.0,105.05555555555556,155,501,15632599.592208862,79.87022399902344,10731172.20401764,5800030.206627245,15748338.222503662,3474460.8402252197,12701060.801744461,4320173.154387206,0.0,0.0,0.0,0.0,0.0,0.0,82.66666666666667,127.44444444444444,0,9,9,744,1147
35.244.180.134,192.168.43.203,443,59686,6,2022-09-19 11:43:03,90929681.53953552,95.90927684276753,0.6048630003843841,0.3849128184264263,0.21995018195795787,35,20,5943,2778,464.0,66.0,169.8,111.25230013673553,319.0,66.0,138.9,104.96470835476084,464,66,158.56363636363636,110.01665388581588,12103.664132231406,700,400,20,25,1683882.9914728801,30093347.07260132,0.0,6069961.613447217,90929097.6524353,30093581.199645996,0.0,2674385.2250716267,7474685.430922976,90929254.53186035,30093803.644180298,93.22166442871094,4785750.238518965,9482829.255096886,0,0,0,0,1,0,0,0,0,0,0,0.5714285714285714,158.56363636363636,602,501,30093194.246292114,93.22166442871094,6428408.673831395,10567370.704323338,30093112.94555664,5747.556686401367,4783071.4175575655,9481146.023944028,0.0,0.0,0.0,0.0,0.0,0.0,169.8,138.9,0,35,20,5943,2778
192.168.43.203,35.244.233.98,34818,443,6,2022-09-19 11:43:11,67712.30697631836,5803.967071118216,73.8418202432343,44.30509214594058,29.536728097293718,3,2,261,132,105.0,66.0,87.0,16.06237840420901,66.0,66.0,66.0,0.0,105,66,78.6,16.144348856488453,260.64,60,40,20,2,16928.07674407959,67133.42666625977,0.2384185791015625,28986.594603297614,67712.30697631836,67242.14553833008,470.16143798828125,33856.15348815918,33385.9920501709,0.0,0.0,0.0,0.0,0.0,0,0,0,0,1,0,0,0,0,0,0,0.6666666666666666,78.6,501,276,0.0,0.0,0.0,0.0,0.0,0.0,0.0,0.0,0.0,0.0,0.0,0.0,0.0,0.0,87.0,66.0,0,3,2,261,132
192.168.43.203,35.186.194.58,41712,443,6,2022-09-19 11:43:12,121769.42825317383,2266.5787624966224,24.636725679311116,16.42448378620741,8.212241893103705,2,1,171,105,105.0,66.0,85.5,19.5,105.0,105.0,105.0,0.0,105,66,92.0,18.384776310850235,338.0,40,20,20,1,60884.714126586914,121697.42584228516,72.00241088867188,60812.71171569824,0,0.0,0.0,0.0,0.0,0.0,0.0,0.0,0.0,0.0,0,0,0,0,1,0,0,0,0,0,0,0.5,92.0,501,267,0.0,0.0,0.0,0.0,0.0,0.0,0.0,0.0,0.0,0.0,0.0,0.0,0.0,0.0,85.5,105.0,0,2,1,171,105
192.168.43.203,75.2.88.188,33658,443,6,2022-09-19 11:43:12,326640.6059265137,1089.8828667985372,12.245874907848734,6.122937453924367,6.122937453924367,2,2,178,178,112.0,66.0,89.0,23.0,112.0,66.0,89.0,23.0,112,66,89.0,23.0,529.0,40,40,20,1,108880.20197550456,204996.34742736816,85.59226989746094,84133.47326986374,0,0.0,0.0,0.0,0.0,0.0,0.0,0.0,0.0,0.0,0,0,0,0,1,0,0,0,0,0,0,1.0,89.0,501,2016,0.0,0.0,0.0,0.0,121558.66622924805,83437.68119812012,102498.17371368408,19060.492515563965,0.0,0.0,0.0,0.0,0.0,0.0,89.0,89.0,0,2,2,178,178
192.168.43.203,224.0.0.251,5353,5353,17,2022-09-19 11:43:13,0.0,0,0,0,0,1,0,183,0,183.0,183.0,183.0,0.0,0.0,0.0,0.0,0.0,183,183,183.0,0.0,0.0,8,0,8,1,0.0,0.0,0.0,0.0,0,0.0,0.0,0.0,0.0,0.0,0.0,0.0,0.0,0.0,0,0,0,0,1,0,0,0,0,0,0,0.0,183.0,0,0,0.0,0.0,0.0,0.0,0.0,0.0,0.0,0.0,0.0,0.0,0.0,0.0,0.0,0.0,183.0,0.0,0,1,0,183,0
192.168.43.203,44.239.126.203,38134,443,6,2022-09-19 11:43:15,602175.9510040283,481.5868178004671,4.981932597935867,3.3212883986239112,1.6606441993119556,2,1,178,112,112.0,66.0,89.0,23.0,112.0,112.0,112.0,0.0,112,66,96.66666666666667,21.684607956387456,470.2222222222222,40,20,20,1,301087.97550201416,602124.2141723633,51.73683166503906,301036.2386703491,0,0.0,0.0,0.0,0.0,0.0,0.0,0.0,0.0,0.0,0,0,0,0,1,0,0,0,0,0,0,0.5,96.66666666666667,501,425,0.0,0.0,0.0,0.0,0.0,0.0,0.0,0.0,0.0,0.0,0.0,0.0,0.0,0.0,89.0,112.0,0,2,1,178,112
192.168.43.203,192.168.43.96,56132,53,17,2022-09-19 11:43:17,53911.20910644531,4136.4310631523085,37.098036440827876,18.549018220413938,18.549018220413938,1,1,72,151,72.0,72.0,72.0,0.0,151.0,151.0,151.0,0.0,151,72,111.5,39.5,1560.25,8,8,8,1,0.0,0.0,0.0,0.0,0,0.0,0.0,0.0,0.0,0.0,0.0,0.0,0.0,0.0,0,0,0,0,1,0,0,0,0,0,0,1.0,111.5,0,0,0.0,0.0,0.0,0.0,0.0,0.0,0.0,0.0,0.0,0.0,0.0,0.0,0.0,0.0,72.0,151.0,0,1,1,72,151
192.168.43.203,192.168.43.96,38695,53,17,2022-09-19 11:43:17,53761.00540161133,5171.034245421083,37.20168521885671,18.600842609428355,18.600842609428355,1,1,72,206,72.0,72.0,72.0,0.0,206.0,206.0,206.0,0.0,206,72,139.0,67.0,4489.0,8,8,8,1,0.0,0.0,0.0,0.0,0,0.0,0.0,0.0,0.0,0.0,0.0,0.0,0.0,0.0,0,0,0,0,1,0,0,0,0,0,0,1.0,139.0,0,0,0.0,0.0,0.0,0.0,0.0,0.0,0.0,0.0,0.0,0.0,0.0,0.0,0.0,0.0,72.0,206.0,0,1,1,72,206
192.168.43.203,192.168.43.96,36255,53,17,2022-09-19 11:43:17,1771.4500427246094,123063.02449528937,1129.0185733512785,564.5092866756393,564.5092866756393,1,1,109,109,109.0,109.0,109.0,0.0,109.0,109.0,109.0,0.0,109,109,109.0,0.0,0.0,8,8,8,1,0.0,0.0,0.0,0.0,0,0.0,0.0,0.0,0.0,0.0,0.0,0.0,0.0,0.0,0,0,0,0,1,0,0,0,0,0,0,1.0,109.0,0,0,0.0,0.0,0.0,0.0,0.0,0.0,0.0,0.0,0.0,0.0,0.0,0.0,0.0,0.0,109.0,109.0,0,1,1,109,109
192.168.43.203,192.168.43.96,58932,53,17,2022-09-19 11:43:25,34775.97236633301,5003.454631464202,57.5109727754506,28.7554863877253,28.7554863877253,1,1,79,95,79.0,79.0,79.0,0.0,95.0,95.0,95.0,0.0,95,79,87.0,8.0,64.0,8,8,8,1,0.0,0.0,0.0,0.0,0,0.0,0.0,0.0,0.0,0.0,0.0,0.0,0.0,0.0,0,0,0,0,1,0,0,0,0,0,0,1.0,87.0,0,0,0.0,0.0,0.0,0.0,0.0,0.0,0.0,0.0,0.0,0.0,0.0,0.0,0.0,0.0,79.0,95.0,0,1,1,79,95
192.168.43.203,192.168.43.96,47552,53,17,2022-09-19 11:43:25,2000.3318786621094,78986.89296781883,999.8340882002384,499.9170441001192,499.9170441001192,1,1,79,79,79.0,79.0,79.0,0.0,79.0,79.0,79.0,0.0,79,79,79.0,0.0,0.0,8,8,8,1,0.0,0.0,0.0,0.0,0,0.0,0.0,0.0,0.0,0.0,0.0,0.0,0.0,0.0,0,0,0,0,1,0,0,0,0,0,0,1.0,79.0,0,0,0.0,0.0,0.0,0.0,0.0,0.0,0.0,0.0,0.0,0.0,0.0,0.0,0.0,0.0,79.0,79.0,0,1,1,79,79
192.168.43.203,35.241.24.90,54821,443,17,2022-09-19 11:43:25,5570597.410202026,1438.2658465547652,4.128821077229106,1.97465355867479,2.154167518554316,11,12,3708,4304,1399.0,73.0,337.09090909090907,427.76723801309913,1399.0,70.0,358.6666666666667,483.2613739536355,1399,70,348.3478260869565,457.6881042327228,209478.40075614373,88,96,8,11,253208.9731910012,4143701.0765075684,0.0,855535.3131794612,5536037.20664978,4232361.793518066,1103.6396026611328,553603.720664978,1233246.4217686525,5470108.270645142,4293020.009994507,0.0,497282.57005864923,1207692.9826372177,0,0,0,0,1,0,0,0,0,0,0,1.0909090909090908,348.3478260869565,0,0,4122474.193572998,41910.17150878906,851908.8427225748,1468573.9893057824,4055040.3594970703,19712.209701538086,514601.32598876953,1186806.9581574246,0.0,0.0,656.0,4.0,0.0,1375731712.0,337.09090909090907,358.6666666666667,0,11,12,3708,4304
192.168.43.203,35.241.24.90,44248,443,6,2022-09-19 11:43:25,453490.9725189209,7627.494723405284,37.48696452670998,19.846040043552346,17.64092448315764,9,8,2094,1365,1293.0,66.0,232.66666666666666,378.52785014227595,652.0,66.0,170.625,194.22727505425183,1293,66,203.47058823529412,307.51817117942204,94567.42560553632,180,160,20,4,28340.503573417664,129959.5832824707,-42.91534423828125,43301.473752976846,371238.47007751465,231666.56494140625,56.26678466796875,46404.80875968933,75269.25098647295,386246.6812133789,129959.5832824707,0.0,55178.09731619699,50978.512636410764,0,0,0,0,1,0,0,0,0,0,0,0.8888888888888888,203.47058823529412,64240,276,129621.98257446289,63724.517822265625,85803.11139424641,30984.928788623838,98166.22734069824,28273.582458496094,67932.3673248291,23040.78663766675,0.0,0.0,0.0,0.0,0.0,0.0,232.66666666666666,170.625,0,9,8,2094,1365
192.168.43.203,192.168.43.96,51657,53,17,2022-09-19 11:43:26,5440.711975097656,27937.520070113937,367.5989482909728,183.7994741454864,183.7994741454864,1,1,76,76,76.0,76.0,76.0,0.0,76.0,76.0,76.0,0.0,76,76,76.0,0.0,0.0,8,8,8,1,0.0,0.0,0.0,0.0,0,0.0,0.0,0.0,0.0,0.0,0.0,0.0,0.0,0.0,0,0,0,0,1,0,0,0,0,0,0,1.0,76.0,0,0,0.0,0.0,0.0,0.0,0.0,0.0,0.0,0.0,0.0,0.0,0.0,0.0,0.0,0.0,76.0,76.0,0,1,1,76,76
192.168.43.203,192.168.43.96,56231,53,17,2022-09-19 11:43:26,4911.661148071289,30946.760254356584,407.194213873113,203.5971069365565,203.5971069365565,1,1,76,76,76.0,76.0,76.0,0.0,76.0,76.0,76.0,0.0,76,76,76.0,0.0,0.0,8,8,8,1,0.0,0.0,0.0,0.0,0,0.0,0.0,0.0,0.0,0.0,0.0,0.0,0.0,0.0,0,0,0,0,1,0,0,0,0,0,0,1.0,76.0,0,0,0.0,0.0,0.0,0.0,0.0,0.0,0.0,0.0,0.0,0.0,0.0,0.0,0.0,0.0,76.0,76.0,0,1,1,76,76
192.168.43.203,192.168.43.96,57949,53,17,2022-09-19 11:43:34,199102.16331481934,1074.8250869661535,10.045094270711715,5.0225471353558575,5.0225471353558575,1,1,99,115,99.0,99.0,99.0,0.0,115.0,115.0,115.0,0.0,115,99,107.0,8.0,64.0,8,8,8,1,0.0,0.0,0.0,0.0,0,0.0,0.0,0.0,0.0,0.0,0.0,0.0,0.0,0.0,0,0,0,0,1,0,0,0,0,0,0,1.0,107.0,0,0,0.0,0.0,0.0,0.0,0.0,0.0,0.0,0.0,0.0,0.0,0.0,0.0,0.0,0.0,99.0,115.0,0,1,1,99,115
192.168.43.203,192.168.43.96,35618,53,17,2022-09-19 11:43:34,3772.0203399658203,52491.76360533468,530.21983439732,265.10991719866,265.10991719866,1,1,99,99,99.0,99.0,99.0,0.0,99.0,99.0,99.0,0.0,99,99,99.0,0.0,0.0,8,8,8,1,0.0,0.0,0.0,0.0,0,0.0,0.0,0.0,0.0,0.0,0.0,0.0,0.0,0.0,0,0,0,0,1,0,0,0,0,0,0,1.0,99.0,0,0,0.0,0.0,0.0,0.0,0.0,0.0,0.0,0.0,0.0,0.0,0.0,0.0,0.0,0.0,99.0,99.0,0,1,1,99,99
192.168.43.203,34.107.204.85,57170,443,6,2022-09-19 11:43:35,65728.66439819336,5203.209332356377,60.85624950124417,30.428124750622086,30.428124750622086,2,2,171,171,105.0,66.0,85.5,19.5,105.0,66.0,85.5,19.5,105,66,85.5,19.5,380.25,40,40,20,1,21909.554799397785,65652.84729003906,0.476837158203125,30931.193851027656,0,0.0,0.0,0.0,0.0,0.0,0.0,0.0,0.0,0.0,0,0,0,0,1,0,0,0,0,0,0,1.0,85.5,501,358,0.0,0.0,0.0,0.0,0.0,0.0,0.0,0.0,0.0,0.0,0.0,0.0,0.0,0.0,85.5,85.5,0,2,2,171,171
192.168.43.203,173.194.76.155,54966,443,6,2022-09-19 11:43:39,206750.86975097656,1334.9399706633947,14.510217072428203,9.67347804828547,4.836739024142735,2,1,171,105,105.0,66.0,85.5,19.5,105.0,105.0,105.0,0.0,105,66,92.0,18.384776310850235,338.0,40,20,20,1,103375.43487548828,206684.82780456543,66.04194641113281,103309.39292907715,0,0.0,0.0,0.0,0.0,0.0,0.0,0.0,0.0,0.0,0,0,0,0,1,0,0,0,0,0,0,0.5,92.0,501,276,0.0,0.0,0.0,0.0,0.0,0.0,0.0,0.0,0.0,0.0,0.0,0.0,0.0,0.0,85.5,105.0,0,2,1,171,105
192.168.43.203,142.250.181.14,44460,443,6,2022-09-19 11:43:39,173669.09980773926,1589.2291737882351,17.27423014987212,11.51615343324808,5.75807671662404,2,1,171,105,105.0,66.0,85.5,19.5,105.0,105.0,105.0,0.0,105,66,92.0,18.384776310850235,338.0,40,20,20,1,86834.54990386963,173578.97758483887,90.12222290039062,86744.42768096924,0,0.0,0.0,0.0,0.0,0.0,0.0,0.0,0.0,0.0,0,0,0,0,1,0,0,0,0,0,0,0.5,92.0,501,276,0.0,0.0,0.0,0.0,0.0,0.0,0.0,0.0,0.0,0.0,0.0,0.0,0.0,0.0,85.5,105.0,0,2,1,171,105
192.168.43.203,216.58.208.228,59250,443,6,2022-09-19 11:43:40,100886.34490966797,2735.751803151616,29.736432642952348,19.824288428634897,9.912144214317449,2,1,171,105,105.0,66.0,85.5,19.5,105.0,105.0,105.0,0.0,105,66,92.0,18.384776310850235,338.0,40,20,20,1,50443.172454833984,100816.72668457031,69.61822509765625,50373.55422973633,0,0.0,0.0,0.0,0.0,0.0,0.0,0.0,0.0,0.0,0,0,0,0,1,0,0,0,0,0,0,0.5,92.0,501,267,0.0,0.0,0.0,0.0,0.0,0.0,0.0,0.0,0.0,0.0,0.0,0.0,0.0,0.0,85.5,105.0,0,2,1,171,105
192.168.43.203,34.237.73.95,39456,443,6,2022-09-19 11:43:44,395823.9555358887,2048.890646100544,7.579126927622235,5.05275128508149,2.526375642540745,2,1,420,391,354.0,66.0,210.0,144.0,391.0,391.0,391.0,0.0,391,66,270.3333333333333,145.27292322460585,21104.222222222223,40,20,20,1,197911.97776794434,395700.69313049316,123.26240539550781,197788.71536254883,0,0.0,0.0,0.0,0.0,0.0,0.0,0.0,0.0,0.0,0,0,0,0,1,0,0,0,0,0,0,0.5,270.3333333333333,501,236,0.0,0.0,0.0,0.0,0.0,0.0,0.0,0.0,0.0,0.0,0.0,0.0,0.0,0.0,210.0,391.0,0,2,1,420,391
